6.127553147144643858e-02,2.798203670038527004e-06,2.960262507627795081e+00,3.599504684105386265e-01,3.279396543742967851e-01,3.905529305571551202e-01,0.000000000000000000e+00,4.166666666666666609e-03,-3.877841012332457638e+01,1.752737760868313899e+00,1.000168998344318938e+00,7.153067195862398142e-01,2.430836235715027882e-01,1.398996402517467263e-01,3.049662254575589704e-01,3.921184258007084922e-02,7.789496965283358720e-02,1.246946364152162479e-01,-7.472692769142334768e-02,6.466916521536562878e-02,1.954856892876469521e-01,6.743074330306197918e-04,1.669690429666839150e-04,1.272038725789152724e-01,8.565484813032939312e-04,8.100373707910816460e-04,1.378276330303606679e-04,1.490688605243939424e-01,1.300290238709857931e-04,8.723281045991998126e-05,4.466276685333310753e-04,4.856812475298180436e-03,7.433705447410551403e-05,5.138287713268115120e-02
6.877865777407253522e-02,4.452470249478854098e-06,2.474656853858287153e+00,3.475326353328047624e-01,3.335894729618704702e-01,2.038049827831094618e-01,2.834025956576593543e-03,1.666666666666666774e-03,-3.908485721438910332e+01,1.551387643073252720e+00,6.241506601044906066e-01,3.851337282346557478e-01,2.661075254885709174e-01,3.258320918224585916e-01,1.953290583231149791e-01,3.321268196478698864e-01,3.021264291746288411e-01,2.755480740030320508e-01,1.371281056617165428e-01,-2.971177171131543157e-02,6.320582805938254611e-02,5.922935937052287809e-04,6.762103270925473347e-05,8.971918989590331461e-02,1.478571727076636992e-04,5.702686579015684787e-04,3.088545637911686387e-05,1.586668276208810791e-01,1.641813636421869180e-05,1.559689228124534408e-04,1.648993170767366196e-04,1.020467691104368774e-03,6.898660628741668085e-05,4.827623234798134044e-02
9.212171738224260442e-02,2.050137484146573644e-06,2.753642758905342269e+00,3.515314426102325585e-01,3.298854300352245250e-01,5.205120524896272860e-01,6.960552297293629009e-03,1.250000000000000069e-02,-3.752488037941282784e+01,2.146064750730897419e+00,5.640445182180536809e-01,4.703412817737113727e-01,8.265951072356018947e-02,1.460533525691977141e-01,-5.794620906251173389e-03,1.094331468481526543e-01,1.965841868660285485e-01,6.428830296776301629e-04,-7.533685322614176727e-02,1.456935012260523188e-01,1.438487596520475198e-01,7.336261638124557055e-04,5.107331014587390651e-04,1.872799078886049073e-01,2.879903589540063966e-03,5.325244264469921468e-03,1.538856867350266817e-03,8.859161738439201572e-02,2.151070689101518079e-04,1.602559024480179964e-03,1.362732802135104178e-02,5.869030955101994795e-03,2.811603924160938940e-04,5.420346682819242312e-02
2.000833680700291745e-02,2.865531726949353282e-06,3.084276532796364378e+00,3.422794831796284187e-01,3.253439432065478587e-01,4.401307993209065961e-01,3.929812104878015536e-03,6.666666666666667095e-03,-3.795742275421864775e+01,1.982576607043327055e+00,6.200736670190494237e-01,4.676889124426524824e-01,3.343729069134012133e-01,3.467740160929013160e-01,1.979322228431392716e-01,2.157293032138881406e-01,3.283287135467898854e-01,-2.793415112468353861e-02,-1.394503169099743645e-02,-8.916187648699604174e-02,-1.218578664279886814e-01,2.099776245339766111e-03,2.563005511281000754e-04,7.382348716857152493e-02,8.247570951071226623e-04,3.184835119406631294e-03,6.361366301361678910e-04,2.702119098702645550e-01,9.401370215355424884e-05,3.126040245972782250e-04,3.470147933933630767e-03,2.957803753249829692e-02,7.248751197103219922e-04,7.472260744680615796e-02
2.250937890787828299e-02,1.087474323072771030e-06,2.003259698914404030e+00,3.652437809362180099e-01,3.238267173252748488e-01,5.070482966062404007e-01,2.194946887473065659e-03,5.000000000000000104e-03,-3.947704588881418886e+01,1.700819150161405169e+00,8.542822010039382574e-01,4.241425797241043516e-01,2.719476793933190417e-01,1.121519178512324494e-01,-1.025593829975285920e-01,1.327020707095408480e-01,5.797163767836038817e-01,4.874085888490899965e-01,3.759000987643617425e-02,4.663485233771790667e-02,7.771924886707995417e-02,9.276194878271795544e-04,4.879245289845997075e-04,3.861377763184119238e-02,1.544393371133500692e-04,5.972019631992475999e-03,1.030889398270478123e-03,2.269040436426871254e-01,1.132781481253878188e-04,5.780025210038296918e-04,8.915994822596896201e-04,2.956322581590917729e-03,4.837366225854120624e-04,6.227118031029287709e-02
5.710712796998749369e-02,7.301676335765792462e-06,2.595601530968148385e+00,3.172249673080636545e-01,3.284271143009417915e-01,1.808678485221915655e-01,7.848218011794014237e-03,1.666666666666666774e-03,-3.773448626605890155e+01,2.010563510016970312e+00,4.164040099808701267e-01,4.389772018722545854e-01,1.986492497732823270e-01,-5.101944802626590114e-02,7.446446673804845047e-03,2.117061414030166622e-01,-3.928146531957215498e-02,6.988720787688190196e-03,2.607248795164078814e-01,8.698869320893952428e-02,-1.070863718447691293e-01,5.279392635437563184e-04,1.658278064036872981e-04,2.093804643318685765e-01,1.898592482672170189e-04,3.412157411329859468e-04,2.687898859660805195e-04,1.032248009976822062e-01,9.996200541510688294e-05,1.556580078029341676e-04,1.459048494166650858e-03,6.326160094414610621e-03,1.010330640285262078e-04,6.183648059349528686e-02
9.128803668195081822e-02,9.328121414133324746e-07,2.683862155606000943e+00,3.756798258575332894e-01,3.259034687651899964e-01,9.063537996947810260e-01,1.629165241620577492e-02,2.008333333333333359e-01,-3.832520268988601941e+01,2.005156580566597402e+00,6.946450428927937182e-01,5.046295002646271621e-01,2.162884333453508057e-01,3.470200013367228942e-01,2.442247631378310913e-01,2.148130776608102865e-01,2.683982254832700254e-01,4.901818536226717343e-02,-2.680548572938338259e-01,-1.560733350190288658e-02,1.241267896283086980e-01,8.104988119924804932e-03,5.963773956612265868e-04,3.990466729021793779e-02,7.522922529221711188e-03,1.147769562851692383e-02,1.338207180155560503e-03,2.252632137464610496e-01,2.275253561662690183e-04,1.154211880629660595e-03,1.005265551819742309e-02,3.305600474038411507e-02,4.858141455552525780e-04,6.069066208184117212e-02
1.250521050437682358e-01,7.212212481574068553e-07,2.497479140687109300e+00,4.084144531381940224e-01,3.202684474846896889e-01,9.013347063332953768e-01,1.804030649142548178e-03,2.033333333333333381e-01,-3.993935823430252441e+01,1.443884868869458105e+00,5.986214683738571019e-01,4.884937933757605433e-01,1.436471894723347076e-01,1.924410824858628355e-01,4.267030596738944914e-01,3.456604617230935594e-01,-5.154160559036619765e-02,1.809447683822654196e-01,3.473303971853418104e-01,3.774752064695089393e-01,1.523130273732637707e-01,2.214601429880097084e-04,1.613408399369900743e-04,6.894589998128082542e-02,5.781782226691085675e-04,1.604590313280095581e-03,5.083545376874201195e-04,1.829099596586760412e-01,7.506523959184797587e-05,3.355756020504272645e-04,7.776264040335353726e-04,1.818803882412262790e-02,2.682208829431931719e-04,5.185062273929157139e-02
1.083784910379324701e-01,2.260385246207835673e-06,1.483678761395176959e+00,3.510608870340105048e-01,3.278070602460762539e-01,3.373273031108270925e-01,3.461824932193779698e-03,3.333333333333333547e-03,-3.991437319726507127e+01,1.481298344531957634e+00,1.114856675638963290e+00,8.345207057675272377e-01,2.242069662902447524e-01,-6.194044496817728562e-02,1.442598095908599332e-01,1.890045522423188795e-01,1.271607469010886671e-01,-3.186685672876617831e-02,1.393488917212575180e-02,2.440956256908413391e-01,3.000562516759110454e-01,8.838793611649706098e-04,7.618209425572376031e-05,1.520877810027832233e-01,2.383312582066528284e-04,5.345628990417415887e-04,8.241266862492355823e-05,2.165067850099622881e-01,8.760545070339222247e-05,1.574195801868332877e-04,8.390002884008813120e-04,1.095059706457312404e-02,4.787212559061794118e-05,6.948379120773497120e-02
7.461442267611505252e-02,2.386121166434486215e-06,2.459006457864146622e+00,3.679745933017788406e-01,3.279221010643216805e-01,3.986760789640705349e-01,3.936383964951301051e-03,3.333333333333333547e-03,-3.898499019098806428e+01,1.676613720881773073e+00,6.110379075277286853e-01,5.215268040126277427e-01,4.145234624232264631e-01,1.277410850432441347e-01,1.662475567512032293e-01,1.722709183590861726e-01,1.260718322255667545e-01,2.690420521664460551e-01,1.441535882187501838e-01,1.639136420386450368e-02,-9.946772080996106602e-02,1.641732287891361055e-03,2.421378624862649868e-04,1.974242711052079380e-01,6.361646207834448750e-04,1.604012902213878189e-03,2.031921449812812820e-04,8.445022813189885513e-02,1.561251795461044518e-04,1.492333854714189708e-04,3.525373392810686696e-04,2.218302811032467348e-02,2.453291666675928352e-04,5.674114171498405301e-02
5.168820341809086949e-02,1.401054464696531295e-06,2.764455920529654609e+00,3.948356902624068909e-01,3.242552506021247893e-01,6.757771594063769482e-01,2.341593181376686560e-03,9.166666666666666713e-03,-3.924017211876305566e+01,1.665384257764700671e+00,9.336918615391325282e-01,2.799339398937458201e-01,1.690612966236330061e-01,2.061402683933040436e-01,6.381443928598586057e-02,-7.889259184863663121e-02,-6.089049188481070185e-02,1.437831709533127916e-02,1.319104798196707277e-02,-6.702018395032972864e-02,-3.914964835682067240e-02,1.094407072228471183e-03,1.260402655744706241e-04,2.740931615306675950e-01,5.869437303408018679e-04,8.825004014615240016e-04,2.502782624502231123e-04,8.525524416857248322e-02,1.283539263462845335e-04,3.403852238254129713e-04,2.161128099395499217e-03,6.295910207233584507e-03,1.885143255928387735e-04,7.689136642664914922e-02
4.668611921634013839e-02,1.418460032811149794e-06,2.334966579220087102e+00,3.734701148304166995e-01,3.276647311044021404e-01,5.082689970638821775e-01,1.347802586652770140e-03,5.833333333333333599e-03,-3.937310522211381425e+01,1.954803508203820206e+00,9.131774592356730613e-01,4.800694090743704012e-01,2.032753752856230611e-01,2.706911871938669223e-01,-1.618561986945616857e-02,7.737751762967690072e-02,1.806401453298763227e-01,-2.181650935669575131e-01,-2.535831162748460738e-02,2.570813154934559752e-01,1.669101002839837311e-01,2.658976773166141748e-03,1.162562399818999184e-04,1.435027964244403043e-01,1.437909613675544427e-03,2.769885312922921658e-03,5.254571276343878751e-04,1.874224597607369036e-01,5.146339672418700166e-05,3.422069601430590899e-04,2.299523945400487861e-03,4.492379090382700793e-03,4.856745577475511731e-04,6.176620362042183759e-02
3.959983326385994179e-02,1.083227993005511926e-05,2.731256682138035963e+00,2.886965515649187464e-01,3.258557747786874348e-01,1.276166688860355669e-01,7.388570647247600688e-03,1.666666666666666774e-03,-3.753817763096970594e+01,2.214754636078990924e+00,5.868716134977803867e-01,2.239303296523950382e-01,1.500250547059745199e-01,2.206032662879001127e-01,1.357211100695358275e-01,6.447977099282004021e-02,2.214644786545553190e-01,2.180700739554974066e-01,9.868522380291327306e-03,-1.388073594675251488e-01,1.042805331786658685e-01,5.856957505457322357e-04,5.870943379088849418e-05,2.224871454736751519e-01,7.215591934267626519e-04,1.003418164346619275e-03,1.302572169584443435e-04,1.137238649963120685e-01,2.833179070375629221e-05,8.723006424387641674e-05,1.408645694275096867e-03,1.878137682233890684e-03,7.828667001542434294e-05,6.625906127565349413e-02
1.917465610671113124e-02,5.340932624483944384e-06,2.927158674987249132e+00,3.442768977161563271e-01,3.313180138690312582e-01,2.426347944773299958e-01,4.975070517631124435e-03,1.666666666666666774e-03,-3.887618818289394085e+01,1.737665490090205322e+00,6.050718374992398729e-01,2.498315954769563252e-01,1.545130768443292169e-01,-3.871033048345312588e-02,5.116790580914901826e-02,7.599579661682467902e-03,-7.880636977856053660e-02,2.985888180852173668e-01,1.134574774073324743e-01,3.085318067746273818e-01,4.347527017094813262e-01,8.996367471437239141e-05,6.481713457983472981e-05,1.324494018892534986e-01,2.148590594463519723e-04,3.892456392969500449e-04,2.957921800044064709e-04,2.316005373593104932e-01,3.162480113618944559e-05,2.537108918533527067e-04,1.397676558502006239e-04,7.914308219209334819e-03,6.399814526132202022e-05,7.048580740157925351e-02
0.000000000000000000e+00,6.536036749968619425e-06,2.635289736745265454e+00,3.286430575517451658e-01,3.271355873103933831e-01,1.626450380607712964e-01,6.908574065800878426e-03,1.666666666666666774e-03,-3.886663902034083407e+01,1.859075293713361443e+00,7.371297351934873454e-01,1.983256903723420450e-01,-1.167089117242039661e-02,-7.072029939621780892e-02,1.216762695938899269e-01,1.779774604504796298e-01,2.546908089754037485e-01,6.795415210982312937e-01,8.323572496800006881e-01,2.132296543373180531e-01,-9.726865653246705157e-02,5.063329033671927401e-05,4.979503864998171376e-05,3.604008779252852041e-02,4.250413961785894584e-05,2.037052090461132262e-04,3.962406611724722820e-05,1.863189740725696431e-01,3.417088388690566316e-05,5.763801534976887968e-05,8.537190660684162167e-04,7.995748144809835785e-04,6.403513416857288055e-04,5.147153343430158068e-02
3.501458941225510380e-02,2.241877946860743362e-06,2.075116875113596215e+00,3.452196115228948758e-01,3.329656406099087973e-01,3.582853815979681333e-01,8.847627754600566330e-03,5.833333333333333599e-03,-3.878497172131995541e+01,2.295011986830816753e+00,1.046701801357496908e+00,4.731792463230108381e-01,2.203783564134668138e-01,1.561822233419394856e-01,1.603476181189110450e-01,2.540484708774164435e-01,4.820508005020318620e-02,3.212022711463377589e-01,1.580726457425376263e-01,1.810767064419131211e-01,4.195364681012353492e-01,1.655971171727315316e-03,5.518859912278830775e-05,1.796187541910514995e-01,6.070650312955576736e-04,6.653527795324139238e-03,2.403103136339126045e-04,1.293581889033259824e-01,1.256437959855321424e-04,3.490711174564010023e-04,2.642762755492379699e-04,3.761122043782301125e-03,1.049052995106029910e-04,5.800520442808009686e-02
7.669862442684452497e-02,1.361368043443101585e-06,2.700857065690483783e+00,4.205588577954565421e-01,3.049400598282760999e-01,1.121716558837482447e+00,4.289140134570989214e-03,4.575000000000000178e-01,-3.934448226640772361e+01,1.803981714230241229e+00,7.147133707490013199e-01,2.532258937806105559e-01,2.039453109975197242e-01,2.615742253101919768e-01,3.443391648795679494e-01,2.930993534771957343e-01,8.684136086651236819e-02,1.785980558211712477e-01,2.987613287546508900e-01,1.338753821086395013e-01,1.814843606210374827e-01,8.435552639247939763e-04,3.074875663277720642e-04,1.434046935170288362e-01,3.953950308933774742e-04,2.166788004429357276e-03,2.701697814964739331e-04,2.098681674146167797e-01,3.944495938155396586e-04,3.048533232660457712e-04,2.391739803110371539e-03,6.317502187274229991e-03,4.040179380909733955e-04,6.672895053677325994e-02
9.795748228428512172e-02,3.829662878040509828e-04,1.772957017056435991e-01,5.080364939563303261e-01,1.430230577662598146e-01,1.478178729336667052e+00,4.561695882106859071e-03,5.733333333333333615e-01,-3.875522917896525144e+01,1.536828260265342472e+00,7.930972933409453640e-01,1.430110776430434383e-01,2.007947805481894166e-01,-1.536581865667576569e-02,1.962061822375537334e-01,2.421216085151668973e-01,1.938312645793193456e-01,2.812999146742530335e-02,6.113138290706128242e-01,3.025028690177646307e-01,-2.746848579284816294e-02,2.289881181960960960e-04,1.252603887051736834e-04,1.256895800428065686e-03,4.956664133325666265e-05,3.360290519178300113e-05,1.609997817340023138e-04,5.203606971696209983e-03,1.391202344258841289e-03,2.028817549119999071e-03,7.693448817992561573e-04,4.843653944534005544e-04,3.520347491137726251e-04,1.401991173234875664e-03
1.775739891621508915e-01,1.093549135184525780e-05,2.876038692271226438e+00,4.069715871086028169e-01,2.457048103541205342e-01,1.218680215826461577e+00,4.557207157869636385e-03,4.491666666666666585e-01,-3.896252058696246934e+01,9.206984275589308320e-01,5.054705834767048156e-01,3.325152490396903193e-01,2.601749006125644859e-01,7.777775437201087105e-02,4.184558608635965266e-02,2.539173853399334657e-01,2.964294639601406933e-01,1.838437814422130556e-01,2.389432211969400588e-01,1.838728712475548033e-01,2.760701025415777665e-01,1.384167616790609801e-04,4.417965468825583596e-05,1.546070611130441474e-01,5.919622447510420194e-05,1.237130254438070136e-04,8.767611090878342419e-05,1.010943469355822660e-01,1.015939834950194479e-03,2.642510020521326216e-04,3.327593464412746649e-04,1.402254165043119493e-03,3.870577731252969409e-05,4.875752184506602915e-02
1.942476031679866710e-01,7.534588472451164665e-05,2.847752654946899664e+00,4.649077130430678828e-01,1.928291311823786269e-01,2.123650508964385342e+00,3.983900099047327920e-03,6.091666666666666341e-01,-3.622098080493409356e+01,1.540000244823473752e+00,3.752595860959286322e-01,-2.698818391262068905e-01,-1.948050833389960296e-02,-2.846368640348805878e-01,2.711918860714820911e-01,-8.738463941667712342e-02,5.086268918276232870e-02,2.470043882189480039e-02,3.707045187740984349e-01,-5.523435886827925828e-02,2.721771453676223862e-01,2.125909483048667300e-04,3.340176312100017310e-04,1.566881286088117262e-02,1.909152558781226970e-04,1.426870188847493529e-04,1.547717665094482250e-04,1.588599784371264034e-02,8.866150615244876472e-04,8.476162286266762224e-04,5.415629947044573551e-04,1.850146531287298656e-03,6.531658005188003754e-04,5.681784417682726566e-03
1.417257190496040153e-01,5.168800500791126754e-04,1.521705033121149908e+00,2.712785549200515955e-01,1.723797425997305732e-01,2.261401773773492163e+00,2.750793927612464780e-03,4.241666666666666918e-01,-2.978028342789646388e+01,1.704380257725157111e-01,1.963670454134150978e-01,-9.946876044414577622e-01,-9.023798182356993491e-01,-5.766359328871236700e-01,1.200103476258670143e-01,2.442593233549422982e-01,-1.101366943611772342e-01,3.421420747687301533e-01,1.325860832363203179e-01,-1.753280393747106702e-01,2.273020158708522198e-01,2.242480902461363706e-03,3.052394630380621341e-03,3.547926256557338166e-03,2.789848755528632866e-03,2.132475506221857831e-03,9.195672313383190929e-04,7.196426594567296130e-03,1.223883546976563914e-03,1.456422795381255835e-03,3.578784067882123318e-03,2.234261386678101403e-03,2.792197249109079453e-03,1.566432543345850931e-03
7.669862442684452497e-02,1.818456376774279376e-02,2.578215597528452641e+00,1.203587496040474936e-01,1.685016675563727195e-01,1.980130045972571251e-01,1.327199390578192272e-02,2.916666666666666713e-02,-2.429333639713691184e+01,2.910521658118367494e+00,-8.498454739295459026e-01,5.527165710384523284e-02,-6.069115265033105111e-02,2.549663351277120515e-01,6.363768776119951287e-01,-1.128735620393800154e+00,-1.433621221664216350e-01,-8.910359036520683063e-01,-5.472642937476728253e-01,-4.319965436557377525e-01,-3.119487701955096504e-01,7.058717087196765376e-03,2.742341885229397300e-03,6.652487629013810466e-02,1.165557003640911859e-01,2.827638215867838908e-02,1.178119551664877883e-02,5.369961236873240992e-03,2.022583171208450301e-03,1.021187766863663852e-02,2.563560418652127172e-03,3.586214921579701335e-03,8.219425297462391563e-04,3.371155231292165960e-02
3.376406836181742449e-02,7.349081455338579705e-02,3.243013856302907616e+00,1.070362130997788153e-01,1.586589982435407664e-01,9.957044749646329351e-02,1.468047605385796109e-02,4.499999999999999833e-02,-2.326148269721976547e+01,2.125134679749181910e+00,-1.656021471301418080e+00,3.182352235550132691e-01,3.518533856597044207e-01,-7.628098695101737103e-01,1.032576298209622427e-02,-9.457460755322396606e-01,-2.163205472063168544e-01,-1.585149689293937625e-01,-3.000297004523176936e-01,-9.068276574104457977e-01,-1.080586623125458612e+00,1.023391089621519985e-02,1.607283372899054666e-02,1.146412276566552702e-01,1.573341289754750030e-02,4.563164113599841969e-03,6.300115489406874847e-04,1.089572527091261503e-03,1.207446416807986603e-02,4.029494111422170233e-02,8.431500792658921115e-04,5.415779899828295548e-04,3.600178716618300826e-04,3.111714489247005555e-02
4.001667361400583489e-02,9.787792687280502668e-02,3.203390880023277099e+00,8.826216546171328226e-02,1.472873069022182235e-01,5.309559241541057795e-02,2.475631247632269216e-02,5.249999999999999806e-02,-2.243347351399750167e+01,1.688514173480901714e+00,-1.679865697563299509e+00,6.258011034279180596e-01,6.446179385845692833e-01,-8.295757651914082986e-01,-3.972150964417618946e-01,-1.432212616438169328e-01,9.975364782928532181e-02,2.139872097239252369e-01,-6.456396424561285929e-01,-6.339299425635452900e-01,-6.422503237830945455e-01,2.874695309836730953e-02,2.233694850036428009e-03,2.067403765371157720e-02,3.629652137805224835e-03,7.863688366308353196e-04,3.069169841461150388e-04,7.378304578137049111e-03,1.923320673541312892e-02,3.300792975832001017e-04,1.842437130189180554e-03,2.022911893813551885e-03,1.049494981833783147e-02,9.218041665122118575e-03
4.001667361400583489e-02,1.233395033933436941e-01,3.298692292076857768e+00,7.177882703986153412e-02,1.156367037456179636e-01,5.270258949042777585e-02,1.379498080652822277e-02,5.249999999999999806e-02,-2.261748745610784539e+01,1.446456158469787701e+00,-1.551800965081489680e+00,9.091058715446025396e-01,9.872426832292180432e-01,-4.740437518940618378e-01,-2.140745346064619747e-01,-7.437197269861587356e-01,-9.689806310017329283e-02,4.583034242547204817e-01,-2.996558331636334782e-01,-5.919967246173906128e-01,-8.800997493814122219e-01,2.287071845580478449e-02,4.087676242707176237e-04,9.472572759286338948e-03,8.795745346432669656e-03,5.166396387220733308e-04,3.164403230885492135e-04,5.969436584938421497e-02,1.005409631456073011e-02,1.362781059121088208e-03,9.193941938949146912e-04,1.546781003724029225e-03,1.413412523512681471e-02,1.620116425928816439e-02
2.209253855773238989e-02,4.366641239768317279e-02,3.049694840962525522e+00,9.906999998137083763e-02,1.750366995641029211e-01,5.357522506996956896e-02,1.294107282439563994e-02,4.416666666666666657e-02,-2.291124529802405974e+01,2.234659075311995480e+00,-1.390562216196810752e+00,4.124465787752401025e-01,2.281651429998838299e-01,-2.372549794256910705e-01,-1.072601547641217484e-01,-4.747472248700991826e-01,-2.199655878373287243e-01,9.224053111096740254e-02,-4.435120136948032532e-01,-6.119318958755948223e-01,-6.585737793499826243e-01,4.987469514309177121e-02,4.719894555667864672e-03,7.668296388169118516e-02,6.684083939384691080e-03,1.602337857817597890e-03,1.543589453471532836e-03,3.705401557368218773e-02,1.552519920873492339e-02,1.372761649610560342e-03,3.854953518829950295e-03,4.017711208767667415e-03,5.736817654737718861e-03,2.325749583924354227e-02
8.753647353063775949e-03,1.123638712001003362e-02,3.150982662423331693e+00,1.046895880675233204e-01,2.006446277124188105e-01,2.476656505772677902e-02,2.302857986935781878e-02,1.333333333333333419e-02,-2.644427029409224161e+01,3.175619136822918076e+00,3.695774991679064980e-01,5.534087257942661431e-01,-3.449854335776217362e-01,-2.012601483078663711e-01,-8.206617771944089978e-02,-7.445248516973598241e-01,-3.307761230994152868e-01,2.960958138065235556e-01,-2.993075494750344068e-01,-7.111656220005394546e-01,-5.439545991962543292e-01,1.862318740730924682e-01,6.533684796987597552e-04,8.005772628408111546e-02,1.861673200162808697e-02,5.973954225129911311e-03,2.999158283484800770e-03,5.565839829900195816e-03,1.091708318603350127e-03,5.909340734932073871e-04,2.269901215501511985e-03,5.145507438580654985e-03,8.854614408840021100e-03,5.259600391163644917e-02
2.105043768236765367e-01,2.200151743450548536e-03,3.239440384836759002e+00,3.161613301330095105e-01,2.022442785985538172e-01,2.015991071946755309e+00,2.985797878659971621e-02,4.500000000000000111e-01,-2.858138814667886862e+01,2.489514764063032626e+00,2.738321583770874090e-01,1.568848468967277976e-01,-1.239848121074962756e-01,-2.006539716072574392e-02,-1.784780036856434271e-01,-3.956345507227758684e-01,-8.590905292078857003e-02,-3.855109481815036099e-01,-4.564839282709675650e-01,-5.732468152361466229e-01,-3.753443497149289154e-01,2.264609566174009478e-02,5.691501612629381538e-04,6.219340988459139130e-02,1.047446425932531053e-02,3.125322654615564268e-03,1.206702818181554010e-03,5.700100568930734600e-03,5.834671937864472323e-04,9.337331777928786856e-04,1.131242777311530865e-03,5.928947145379171758e-03,2.062241755516389281e-03,1.694213130772862994e-02
1.363067944977073842e-01,1.608854443959065184e-02,2.368743174826677844e+00,1.756782375296310483e-01,1.868394481735015933e-01,4.990597914862937023e-01,7.506887653357790895e-03,2.166666666666666741e-02,-2.537623503398793190e+01,2.820582718677520084e+00,8.697641541337024496e-01,-9.172534837734679369e-01,-1.324672109733759040e+00,1.124236059664861925e-02,-1.017997751662646638e-01,-4.016557624090535406e-01,7.418173696179133567e-03,-5.556595758298733534e-01,-5.608111473784345158e-01,-9.075808735245364245e-01,-3.524633645313811625e-01,1.475067645045712202e-02,1.654586289046723613e-02,7.557492784327979329e-02,9.642863223677909656e-02,2.237006257183479091e-02,8.593156737634981539e-04,4.711843479547645798e-03,7.518255684170055679e-05,7.410841736285642524e-04,3.029367892714592177e-03,1.559940316823786068e-03,1.544435332959798006e-03,3.070204013127371054e-02
2.125885785744060022e-02,5.096673048055906652e-02,3.288697364326604866e+00,7.651371167028625520e-02,1.295049878317109660e-01,4.327977703045354091e-02,1.672912806945664119e-02,2.000000000000000042e-02,-2.449083720444498624e+01,2.693988054414278910e+00,5.920920418086352832e-01,-5.343500234999629672e-01,-1.652780053341643018e+00,1.059936968437966837e-01,-3.124336092947652688e-01,-1.723189694681544204e-01,2.827656155083586587e-01,-9.214519293779042108e-01,-6.108459371683157002e-01,-9.740337613365129821e-01,-1.350510105603154876e-01,4.051371791488855151e-03,6.755073048878824059e-03,1.060912615017217675e-01,1.364049672934549429e-01,2.837209872839929498e-03,2.144258705847549261e-03,8.911810320307851467e-04,2.497912843252505122e-05,5.499580173995242266e-04,1.174524130780773071e-03,1.319927861273806650e-03,1.528928531527340949e-03,4.485613600733409645e-02
8.336807002917882847e-02,1.696666495027690513e-02,3.309176351168221508e+00,2.297373704975146924e-01,1.925057819054041275e-01,1.168178233404106647e+00,2.704460516765551034e-02,2.166666666666666741e-01,-2.624165579732435205e+01,2.865928342601791634e+00,1.954418191556107187e+00,-7.717021841779168057e-01,-9.849628799396056289e-01,-2.126242378098291419e-01,2.960847912429834805e-01,-4.684123884183110653e-01,-1.290077255726783112e-01,-7.217280579189992995e-01,-2.024396480581067137e-01,-8.060319950228401753e-01,-1.918352378221147292e-01,4.880272814161104589e-03,4.340221729183730767e-03,1.003852265196367999e-01,1.064903771946921901e-01,1.062715513155838842e-02,4.333281813298913050e-03,3.698866179675075905e-03,9.465936393861499232e-05,1.196665914476618747e-03,1.501027254903336550e-03,2.966488834739682088e-03,1.099682475071997630e-03,3.736573010184113253e-02
3.172155064610254205e-01,1.992732150008174469e-02,3.206708415895172415e+00,3.530380367209826620e-01,1.577628154469678523e-01,2.035246836964102357e+00,4.825846135244886426e-03,4.166666666666666852e-01,-2.924025983068252188e+01,2.629969034825256902e+00,1.638804839303463101e+00,3.417354415489186059e-01,-8.055037651007233845e-02,-3.716516953367227094e-01,-3.727360996463840448e-01,-4.535313088928981107e-01,3.700951692190017350e-02,-5.596673777162403107e-01,-3.791037515465180419e-01,-6.119007302360487399e-01,-1.586950991006239875e-01,8.763074264876334011e-04,1.344107289957546672e-04,9.888668035942078938e-03,1.889141825050364223e-02,2.184076768294408635e-03,1.007045266448022315e-03,2.815885867983949648e-03,4.438237700683178512e-04,1.196796686348780515e-03,1.578897498896872928e-03,1.518259277841547614e-03,2.801496375770448069e-04,5.298189404689980335e-03
2.746977907461441992e-01,1.136604357104250076e-02,2.268466227810938207e+00,2.997841087312795860e-01,2.032594291053078095e-01,1.828458962977132618e+00,2.232829071177555146e-03,4.133333333333333304e-01,-2.565026717801640999e+01,2.976510392990407983e+00,4.850285728791938200e-01,-7.866822065039262846e-01,-6.097503396075366622e-01,-4.294237318591124786e-01,-6.949703454810601810e-01,-6.552964168038244441e-01,-4.267420124337112930e-01,-2.209483848366671777e-01,3.324179573069275806e-01,-1.531607135592029899e-02,-2.691911302802755257e-01,8.251225977574702664e-03,2.028552823341476467e-03,1.552353643105040815e-02,1.555456265330153708e-02,2.104519343221299132e-02,2.360272315511550631e-02,1.855911519107423385e-02,1.170112179978254801e-03,1.618076066547835534e-02,1.127491495032941458e-02,9.908820939685784521e-03,5.776783151601701423e-03,6.918603548310457534e-03
1.959149645685702434e-02,1.019580119852459416e-01,3.284728504076543931e+00,1.220557241070346077e-01,1.800906848019171447e-01,1.293105776538665541e-01,2.079340784105000728e-02,2.000000000000000042e-02,-2.263624485869696201e+01,2.233807881294913589e+00,6.098645608346162650e-01,-1.130839799601783602e+00,-7.064334324759525829e-01,1.989804978842610594e-01,1.107694777961176213e-01,3.248191981403992790e-01,-6.719205962021604361e-02,-4.880429642126801193e-01,-4.836398037534821448e-01,-7.378880398872880164e-01,-3.681374404019681079e-01,1.703292915010653774e-01,2.185163742771567552e-02,2.284048549684180099e-02,6.194416070005515605e-03,2.072352795678602394e-03,2.738836385041331853e-03,9.493367851607427757e-03,1.219205071933717128e-03,2.282757550066111642e-04,7.266778264234557191e-04,1.932491128927854226e-03,9.805605782660551176e-03,4.570628224986638538e-02
2.209253855773238989e-02,4.495331083140396977e-02,3.053428886759136152e+00,1.256680097480872005e-01,1.975879001905005428e-01,1.453231862611733816e-01,1.479828386347301593e-02,2.416666666666666616e-02,-2.306871512964897875e+01,2.549130294507435224e+00,7.267679127192824273e-01,-1.139109724389667067e+00,-6.429040695079604184e-01,-3.149399884442830033e-01,-2.179205136881414151e-01,4.235732154198066923e-01,-1.430116657139556824e-01,-1.998299619824677950e-02,-3.304628412241560065e-02,-2.356833456203502042e-01,-1.614650769230090710e-01,5.499594291290237774e-02,5.233356627390762378e-03,2.371306594963660044e-02,3.248836171576831473e-03,3.716629549803841283e-03,1.036698624141665914e-02,4.991675811725998155e-03,1.248012712677562910e-04,1.146554615944853864e-03,3.750112772904300347e-03,1.085439240454817295e-01,1.492806173243074741e-02,3.054825234205510442e-02
2.084201750729470712e-02,7.443134197911614736e-02,3.307614979170794278e+00,1.074125857375149706e-01,1.638152066864722589e-01,1.852623133330456306e-01,7.854127084885535043e-03,1.666666666666666644e-02,-2.402074181254395668e+01,2.460384042564292439e+00,1.114521143382793289e+00,-1.761587743313201671e+00,-6.148415856608934194e-01,-1.124593880391303147e+00,-5.311285936637216709e-01,-2.456583256265039428e-01,-4.984861840746325490e-02,4.782892371698387046e-02,-1.825783313235751770e-01,-1.531850996285711308e-01,-5.640572083834627382e-01,3.869787156014257989e-02,1.155983811701926343e-03,5.205266308760466039e-03,1.737246620760144692e-03,1.384475173035483973e-03,3.608034182816039197e-03,2.792634172372789221e-03,3.294648241560255587e-04,2.530413833496163167e-03,1.231673318962358578e-02,1.135851791177671932e-01,6.573292258143355327e-02,3.386544147988587716e-02
2.084201750729470712e-02,5.048323588962908698e-02,3.314640906334331838e+00,1.340221369211457292e-01,1.802396519792807128e-01,2.856026862502402675e-01,1.430091952975813714e-02,1.583333333333333467e-02,-2.516945056411744375e+01,2.403811644781713941e+00,1.710201453151439566e+00,-1.271388960695072790e+00,3.341476619867003034e-02,-7.711920816248072352e-01,1.448627081452103504e-01,-4.462560133860008632e-02,-1.972700136940307505e-02,1.297888261802243592e-01,-1.409295983613924504e-02,1.493256761917855224e-01,-4.856034343853605773e-01,1.600578296895922500e-02,6.310511546356814972e-05,2.402717521417261758e-03,6.888455638952017956e-04,7.628933591629191886e-04,2.558270726439699268e-03,8.732344328006065191e-04,1.665252266503576897e-03,6.722124734376733364e-04,1.742442647087839554e-03,2.158877262415914156e-01,7.887864149553462136e-04,5.910362380096222112e-02
1.917465610671113124e-02,3.646037376756733339e-02,3.297311386344421003e+00,6.971414091469392560e-02,1.333117968819789723e-01,3.496219989835754743e-02,6.815199644826777647e-02,1.666666666666666644e-02,-2.650790960345953096e+01,3.179661677166816247e+00,9.720978124476449267e-01,-1.685503417591337039e+00,-5.288345174477552257e-01,-3.453221006810059945e-01,-5.707517083201829600e-01,-5.185839989269748207e-01,-4.631918090020793466e-01,4.343111004442171130e-01,-2.088972368769606291e-01,-7.046303672832991971e-01,-3.643266955072906876e-01,1.664964189357818758e-01,4.699777631102461666e-04,5.779920841550278271e-03,1.458610886187142490e-03,6.069369389088246887e-04,1.587512699341068036e-03,1.506410346798189035e-03,1.866168734736485979e-04,3.848957981557559588e-04,2.326904259910818427e-03,9.387188272030265804e-03,9.799380102210121513e-02,5.044599493942444196e-02
1.125468945393914150e-02,5.001866220297877114e-02,3.303842961573448367e+00,1.162013504930203694e-01,2.128860331666162786e-01,3.294956145224563204e-02,3.970104968929491496e-02,1.750000000000000167e-02,-2.430427068059950813e+01,3.629795908655370607e+00,6.766466747006606441e-01,-8.806547074349480031e-02,-4.054967944499401344e-01,-3.007049386122069845e-01,-1.120539370756454406e-01,-1.135249248939871058e-01,-2.851852055238047190e-01,-2.050123163247851987e-01,-2.727619911258170049e-01,-3.627748995331089299e-01,-5.788223706617137143e-01,1.339735645692347321e-01,1.153559343979566366e-03,1.161511335296169789e-01,1.696054846175905698e-02,8.143758856107050775e-03,3.209274960469413879e-03,5.563173892102242155e-03,3.614249329999731251e-04,1.105265475804612747e-03,3.942943460406968595e-03,1.119545154912506349e-02,4.156674945234186021e-03,4.490482616931790877e-02
8.753647353063775949e-03,4.613209973098908456e-02,3.098405877165421707e+00,1.307621756624666176e-01,2.255602530257605487e-01,3.325973048427620371e-02,3.759763514106943816e-03,1.083333333333333370e-02,-2.435239617055922778e+01,3.172441867307278951e+00,4.000923044384555594e-01,1.571133821804124031e-01,-2.462566366205823920e-01,-1.954573993742161619e-01,-1.687332167599328026e-01,-4.623251452870514450e-02,-1.988088738967341562e-01,-3.895010553762409122e-01,-6.280288118781199858e-01,-6.362314091821894557e-01,-4.950926736557967334e-01,9.134433490558527269e-02,4.174401096269820567e-03,1.899704960743897053e-01,1.306005277966148376e-02,4.056856388147158689e-03,2.310117044455088035e-03,2.017402752312168028e-03,9.572373365495864816e-05,7.037459480452130586e-04,2.358793227471780649e-03,7.256079407739606316e-03,1.904374277525495767e-03,5.493577392238805507e-02
1.042100875364735356e-02,8.712268621799650406e-03,2.256548980094847501e+00,9.437340280683219340e-02,1.757157669131257371e-01,5.080055545924066357e-02,1.500614433514085508e-02,2.416666666666666616e-02,-2.515156334521384096e+01,3.457936472168283260e+00,-5.477567588802754184e-01,-2.645313820640142755e-01,-3.229126894520800151e-01,4.680785967015406793e-03,7.565898336186762663e-01,-3.840306314409702715e-01,-4.091234180395694198e-01,-3.585270147153608589e-01,-3.779028226964997184e-01,-3.234587289467701909e-01,1.513453056425640153e-01,5.920418945487454163e-03,3.410433565882845831e-03,1.376376293957337626e-01,4.515693879476609385e-02,2.399348368421260619e-02,1.294789951629707163e-02,1.112616307941553459e-02,3.236233075014126673e-03,1.453328086088831635e-03,8.091927908739100089e-03,6.344453676324658502e-03,2.088693580397162162e-03,3.688412061142912896e-02
3.334722801167153139e-02,8.511520782772134808e-02,3.286767565676102620e+00,7.834437356573557831e-02,1.256899757037950871e-01,1.069464114212855393e-01,1.852397236536758654e-02,5.833333333333333426e-02,-2.134973485372011837e+01,1.176843798749179326e+00,-1.811487833933890013e+00,3.487189559203819900e-01,2.722884319455602387e-01,-7.520454200297872760e-02,2.415229301410753149e-01,-8.906315002028986072e-01,2.820327645468381217e-01,3.315227590288406523e-01,-1.194590433333322099e-01,-8.767657015803689835e-03,-3.161831715505206142e-01,4.643874874177706530e-02,2.727878936320047090e-03,1.664646975991420589e-03,2.366189376368894263e-03,3.293804766327798530e-03,4.251648894701358372e-03,5.120055249481867549e-03,4.849221404239524580e-03,1.407564947743995647e-02,4.782025974023325354e-02,2.543219337073757136e-02,2.085595653519128120e-03,1.645797608313437702e-02
3.584827011254689694e-02,8.501203703210104268e-02,3.263513682481101963e+00,8.594376144111856575e-02,1.313560823295754909e-01,1.211455872608017681e-01,1.322289844046789509e-02,6.333333333333333870e-02,-2.137417727520866606e+01,1.079690611515275789e+00,-1.078375065435549063e+00,6.795909442094589803e-01,1.651367563422135032e-01,3.780139649420414388e-02,-2.041836166774031736e-01,-4.948575768592340940e-01,5.065484407131252143e-01,1.111528187134138215e-02,2.167552544253125574e-02,-1.533251305560580646e-01,-3.047843025333659694e-01,8.994635475292259499e-03,1.610134223887506018e-03,2.683180508631057698e-03,4.972372576353629829e-03,7.613899437266921817e-04,1.130424081398780090e-02,2.055885595290973117e-03,1.415363944875196742e-03,1.834742050335403524e-02,1.386771364853102255e-02,7.032420915894346640e-03,1.676954416859452457e-02,6.037465735237301269e-03
2.834514380992080029e-02,4.331185332233711965e-02,2.957690124577811552e+00,1.198114709655341836e-01,1.902949292673402626e-01,1.022292755826645777e-01,7.307358360011535249e-03,3.583333333333333509e-02,-2.259735671874728524e+01,1.860822517054719238e+00,-7.333273334384813325e-01,1.870917290360382332e-02,3.660513903654500911e-01,6.448366401461889108e-01,-6.800067781755378959e-01,-4.292394858955624337e-01,3.266175595983520918e-01,-3.263193842389252031e-01,2.778816316965613265e-01,-3.080521924384265753e-01,-3.587550660991994933e-02,5.278930655590399930e-03,1.653798347789239192e-03,5.676203789606545404e-03,5.057148225178539035e-03,1.205525203311336342e-03,1.053926949389322101e-03,5.326096308556176918e-03,2.416428926177482993e-04,1.061209202579963401e-01,1.687126707525878413e-02,2.010044328476034287e-02,6.067848869463885256e-03,2.823196695986023366e-02
2.584410170904543474e-02,6.044002440081653986e-03,2.582367537223417830e+00,1.588633057561885387e-01,2.253830483675068330e-01,1.768620701370335335e-01,1.026760996464807889e-02,2.500000000000000139e-02,-2.510609970129808488e+01,2.950967459639087132e+00,-9.061873982404002048e-02,-2.648265317126506369e-01,-5.087583522025007632e-01,-1.279600572142575721e-01,-4.606838536006972740e-02,1.555751499757483114e-01,-1.137715945899287762e-01,-2.225326994861457908e-01,2.292222850543026436e-01,-1.376729746146129751e-01,-4.389581684228619496e-01,3.264500557180079893e-02,7.643626184768372196e-03,2.390457922417374426e-02,6.984965039794253060e-03,6.402937975248440203e-03,8.962921143026866821e-03,8.541889100131729723e-03,5.349120067781516254e-04,1.080537213892385738e-02,4.464288119423407558e-02,5.237060246822030501e-02,2.323628194657979124e-02,1.594113190264088639e-02
1.083784910379324666e-02,1.717580458084545098e-02,3.066259847871660060e+00,1.048456016219064535e-01,1.891004022607034318e-01,5.784704557883709602e-02,6.681601626665150881e-03,1.666666666666666644e-02,-2.525481216052237343e+01,3.503661436258771023e+00,7.972056376009566403e-01,-7.008958316588779214e-01,-4.453754033957896818e-01,-7.644201889093618640e-02,-2.729470777529100500e-01,-6.584571794617460373e-03,6.669476691610701224e-02,-1.646782147261337537e-01,1.330831402666456387e-01,-7.874019204699207741e-02,-1.190980069892214402e-02,1.736394515961132284e-02,5.719356961910794816e-04,1.178837977246614474e-02,8.921265377455956953e-04,7.492683695907339549e-03,5.058029927946707666e-03,4.958487668688728658e-03,1.949320637524153306e-04,1.478377153563444199e-03,4.053704161537217965e-02,1.119452197008427852e-01,1.943446970200340268e-02,3.028520985475149571e-02
3.126302626094205894e-02,8.299851028190287361e-03,2.947288575500262020e+00,1.574034946173316352e-01,2.198350750453178515e-01,3.123856346829047559e-01,9.725146964353005921e-03,2.166666666666666741e-02,-2.492926554755122126e+01,2.677418150313138234e+00,5.925531478017987963e-01,-2.537063693668489273e-01,-6.112504580732865955e-01,-2.093821336687816115e-01,1.577964577498384702e-01,1.997308237865095815e-01,2.945935973246807671e-01,-2.103748783944228984e-01,5.111824170423878017e-02,-2.940020911919130064e-01,-2.559298162649277231e-01,8.901821478744471883e-02,1.969013371442161677e-03,1.555552787067366986e-02,2.246586273366009152e-03,9.302411825097956985e-03,2.199224329746805005e-03,7.639195802492969312e-03,4.550860091704822443e-04,7.367358553177221110e-04,4.216378777687143642e-02,3.282914597401662832e-02,3.563690448865114435e-02,2.526702083678267555e-02
2.250937890787828299e-02,3.640827837585562665e-02,3.291131314706867705e+00,8.298147555137518061e-02,1.517141787694085975e-01,3.432603939210312344e-02,1.407560612499748724e-02,2.333333333333333440e-02,-2.369580159390226015e+01,2.843861694782929384e+00,-9.759676513672018716e-01,-4.332851972278505270e-01,-1.213812120255434612e+00,1.589036711474068886e-01,5.563014398593816301e-01,-4.816040095297410284e-01,8.954206480148080294e-02,-7.726429443314965229e-02,3.492654713768190700e-01,4.203359104689230463e-02,-2.624243868512327049e-01,5.166217821644428568e-03,6.394690752718032618e-04,2.258104697173058360e-03,5.933290606757502667e-03,3.027237468617317157e-02,8.332964979528191193e-03,1.650977583847266193e-03,9.862121495745309122e-04,4.740426938732499561e-03,6.218136213549310676e-02,4.648347071478025477e-02,7.625778422946047699e-03,1.952676690570686810e-02
2.000833680700291745e-02,2.409808209599120787e-02,3.157744180555776214e+00,7.087660732300245237e-02,1.559264606313172929e-01,1.349520735970490166e-02,1.680068454401881586e-02,2.583333333333333315e-02,-2.444244813534728777e+01,4.443947075890855025e+00,-1.525509996604237806e+00,-6.115834987829547043e-01,-5.579296189959967456e-02,-4.184628918192732083e-01,3.824722053795559518e-01,4.224708543788487369e-01,-2.827954207429778100e-01,-1.015815387781742324e-01,1.699936213617923297e-01,9.039714549000076038e-02,-2.034533953461752920e-01,8.069141212745892244e-03,1.400960632860876603e-02,2.444550814589427357e-02,3.542667556733590517e-02,8.628982366139183527e-03,1.642220824006020846e-02,4.264930365233261800e-02,1.717394698551114214e-03,1.176215999938713154e-02,1.686510243571272966e-02,1.167548662958866126e-02,2.023424566228759856e-03,1.196099643790369919e-02
2.667778240933722442e-02,1.046428237594048023e-02,3.212399302503953002e+00,6.976104739110278175e-02,1.372590848843137923e-01,1.597090857936321606e-02,1.299810585833358241e-02,5.000000000000000278e-02,-2.477654948097304199e+01,3.458605404968014163e+00,-2.273218191229358087e+00,3.500658605755459507e-01,-6.449231707359960319e-01,2.558747793559517647e-01,2.062933283872208090e-01,-2.052728243025798427e-01,-9.576128340161930153e-01,4.705416923155945619e-01,2.450493393623606742e-02,-2.486563130750462647e-01,8.379422197182691268e-02,1.223037110107176757e-02,2.015017090681875660e-03,5.622485272166386633e-03,9.725014353154164473e-03,2.210979061568018114e-02,3.197910421717137242e-02,6.756577998590458656e-02,1.024049775511594838e-02,4.138852021134799275e-02,1.482035945379770077e-02,7.128055909593857160e-03,3.086886162664536411e-03,1.854201854762238186e-02
5.418924551896623504e-02,4.469775470782036235e-03,2.900268114219674676e+00,1.128561881631953284e-01,1.783330225377109668e-01,7.778222434831215393e-02,7.395501917406723143e-03,6.583333333333332704e-02,-2.491006672417037748e+01,2.197576040938279629e+00,-1.528230042346241380e+00,7.504372534703830366e-01,-8.849805401076822342e-01,9.266390631742413841e-01,-1.287171764892321713e-01,-6.188483343235429146e-01,-1.082904204682924726e-01,1.601102854262160535e-01,-6.724603720079891378e-02,-1.466561342809693802e-01,1.063445082989711021e-01,4.296628747562371634e-03,3.400977820314566615e-03,2.880372871589550500e-03,9.761974783543072741e-04,2.194675517392050829e-02,2.529862670835740165e-02,1.961025717512624930e-02,1.102969703423736098e-02,2.660504923843912822e-02,1.527563856076608745e-02,2.041914503495219357e-02,7.096465509330310284e-03,9.005775901312332646e-03
7.919966652771988358e-02,5.206776678212682178e-04,3.064507218318785142e+00,1.883330635869991110e-01,2.343531709406186103e-01,3.364223150134313944e-01,4.936503327884849551e-03,7.499999999999999722e-02,-2.803377608002656274e+01,1.955508002667261547e+00,-4.681592962271112213e-01,1.295876924484284043e+00,-6.654257091953332814e-01,1.015904988732694525e+00,-5.282938418694973493e-01,-2.084187221477582230e-01,6.424998626868440310e-02,-4.337531925088554674e-01,-2.896075055263421238e-01,-2.268610525369040287e-01,-1.503233520493997277e-01,2.643166951184948432e-02,3.978573381744177941e-03,1.312747018461623769e-02,7.479200259474418598e-03,2.859179177984556147e-02,1.133327423297331854e-02,1.375385826020284266e-02,3.311806198948864799e-03,1.217441628162975074e-03,5.625399297242788393e-02,2.099394133028931533e-02,3.420064620088816669e-03,1.500635734368311464e-02
5.127136306794497639e-02,8.474049666687077605e-05,3.155093556394271026e+00,1.601433199440946420e-01,2.205847908391989076e-01,2.361979559264537065e-01,2.704366529126350956e-03,7.666666666666666075e-02,-3.071120624626382778e+01,1.545038863178815669e+00,-8.552188097445038995e-02,8.779243362184996347e-01,-7.063892497469236309e-01,7.691083193838544885e-01,-7.756607280044344188e-01,-1.396998513986015544e-01,6.322372513364291624e-01,-1.796032630427809029e-01,-1.095298282831461828e-01,-4.339592479302357697e-01,-4.705855455080910632e-01,2.175667891328223955e-02,5.429600511146770447e-03,2.025434984222461085e-02,6.809817726621750743e-03,3.666839137470061672e-03,2.100925152403286186e-03,1.071619039270035531e-02,5.392193187722073766e-04,4.834977740127003806e-03,3.884497406383614904e-02,5.964866801535245733e-02,6.127686426165928311e-03,1.707413241777391150e-02
3.668195081283868314e-02,1.482331811219713726e-05,3.193870746421493045e+00,2.181027959033713659e-01,2.764269979145896894e-01,2.368986260133281452e-01,4.323670305509647906e-03,5.333333333333333676e-02,-3.374921237633699178e+01,1.861579582257852472e+00,3.236012699698053163e-01,1.351614488570273442e+00,-3.131731307341618087e-01,3.498510504162087309e-01,-3.477462938885297894e-01,-1.236144745648182081e-01,1.688294103044246652e-01,-3.245065053646647990e-01,5.031813724349989969e-02,-3.833171398187081302e-01,-2.595319049447256665e-01,4.377033591746736646e-02,2.681914973245514647e-03,7.358787071031890059e-02,1.635494376789777254e-03,8.609280278133953773e-03,7.139112416868569587e-03,3.426992485006678801e-02,1.963102019133566357e-04,9.514371391319027945e-04,6.739710363948349381e-02,3.944970890629264509e-02,1.612015919528366707e-03,2.605830910197527023e-02
7.836598582742809738e-02,5.400360899526080871e-06,2.973309658275197442e+00,2.743713771352083719e-01,3.109367881437712922e-01,2.956261111994676338e-01,5.905208264299224331e-03,1.583333333333333467e-02,-3.573832869853995220e+01,2.698966335524238591e+00,3.462070723371731829e-01,2.649166150698689659e-01,-3.693764432702811851e-01,-1.781283134845590976e-01,-3.087445462383749950e-01,1.105752425800253097e-01,-1.409330926207978396e-01,-1.840464549438809161e-01,-7.931022837544760007e-02,-2.571459116311067827e-01,-1.123621994970456506e-01,1.212495270659988411e-02,1.746952161321722874e-03,1.278490349030547701e-01,5.483824076748177248e-03,7.733212277749317194e-03,9.137339347475563478e-03,9.842820954386824472e-02,6.823054461880042080e-04,1.389906582008427777e-03,8.017570894295349485e-03,2.403176455654868274e-02,1.032156033115795048e-03,4.043397026688803214e-02
3.001250521050437617e-02,7.671271497563744452e-06,2.356327727776128977e+00,2.758348460806105962e-01,3.127558665373057489e-01,1.914184324172341078e-01,3.997339948626760404e-03,2.500000000000000052e-03,-3.625643290619909465e+01,2.135830327754314695e+00,-1.126048350055741665e-01,1.200939157380658956e-01,-3.669268686824762871e-02,8.374852629602191900e-02,1.449921177983169995e-01,2.624728433626611901e-01,3.379963352276632582e-02,2.711402759273057739e-01,4.944387194090271720e-02,-1.567406739330247101e-01,2.677562467062633567e-01,5.272644716980384293e-04,3.691916696533509962e-04,1.729952704117390938e-01,6.455564465530136799e-04,2.416041889497288174e-03,3.881611652717245143e-04,1.415534099797737255e-01,2.012232685340947758e-04,6.774090846574657354e-04,4.008076304956144169e-04,3.776807261048154528e-03,1.284407302862804710e-03,5.857564730873984077e-02
9.545644018340974923e-02,2.613860104425801968e-06,2.996350803402008101e+00,2.997073597338866802e-01,3.176825813217578620e-01,4.083070627919055950e-01,8.060467519908472156e-03,2.000000000000000042e-02,-3.622871158790895407e+01,2.540324818323405065e+00,3.794683627665379477e-01,2.303135649297414767e-01,-1.149436204189668159e-01,1.561700418515434008e-01,2.081622178904901643e-01,5.439979316477490390e-02,1.569020673133637855e-01,3.973338403153781062e-02,-1.174861112572067046e-01,-1.509171105508072264e-01,9.045570893031937287e-02,8.238772331902462220e-03,4.964282720280393472e-04,1.178094605800467966e-02,5.722916575001704004e-03,4.644678547742609256e-03,8.145144147121227305e-04,1.411584204855901026e-01,3.080463785743165601e-04,2.774124777884301018e-03,1.152433448432732543e-02,2.767548023676181038e-02,1.658618508510759700e-03,3.783751610407432714e-02
8.837015423092955957e-02,2.478443191396854773e-06,3.112042763327787398e+00,3.074453403817798414e-01,3.213518243945804875e-01,4.172512056342619902e-01,2.067941502811935540e-03,2.249999999999999917e-02,-3.624385540432979269e+01,2.478918269618667569e+00,-3.508873201844716488e-02,2.372114886178058879e-01,-2.205964556296794998e-01,1.210178003776183481e-01,9.617218157458693947e-03,-4.444250189105810288e-03,1.146052453752808703e-01,2.139303179270406752e-01,1.633366563831062102e-01,-3.050415339763035139e-02,-5.097618282295146575e-02,8.642097403695323324e-03,1.228736764589010832e-03,6.084178801312788154e-02,4.534497651722774018e-03,7.782523220448632831e-03,8.837704985757514073e-04,1.253553849976919987e-01,1.524599031009424592e-03,4.752383430546397794e-03,1.041903870788737571e-02,2.963673540036014173e-03,7.547179216484023630e-04,3.573096521022156580e-02
6.044185077115464544e-02,6.537618631066478768e-06,2.716684380608449967e+00,2.713422356398768054e-01,3.161529827071159482e-01,2.396658056674725035e-01,5.959831946839161398e-03,1.666666666666666644e-02,-3.577399206475055848e+01,2.460519855603320760e+00,7.524981911595732265e-02,3.781017162989220859e-01,-2.225737513805551848e-01,5.642600237854674544e-03,1.400036807520186055e-01,2.503065887956327229e-01,1.946765231959362297e-01,3.090569985986559853e-01,3.234631616201779081e-01,-5.793457172097898206e-02,-2.705852881982452329e-01,6.177312803138945013e-03,1.689918721883113505e-03,2.772471556750156219e-01,1.541392027067875221e-03,3.451299434498331098e-03,3.707730311831011543e-04,9.218939067906115059e-02,5.020434690208363604e-04,1.367755745366889533e-03,6.721585591429579329e-03,5.835084925823239184e-03,6.221996503138517431e-03,7.745163876629554411e-02
5.585660691954981438e-02,3.619940404963024670e-06,2.601816542056573756e+00,3.063440004416091988e-01,3.242121566928451992e-01,3.020570854178356024e-01,2.336974412076389847e-03,1.333333333333333419e-02,-3.691499083498632672e+01,1.987556339122483084e+00,-2.078774347483950125e-01,3.260231840731364072e-01,-2.021720418232146321e-01,7.890528203959912279e-02,3.109398129758701446e-01,2.770791966349316904e-01,1.003077094090369242e-01,3.654143780462687507e-01,4.325310931558803973e-01,1.716902160371282585e-02,3.543614677992755480e-02,2.330974197962250305e-03,2.210254549777713789e-04,2.177246708469814385e-01,6.355473046156636177e-04,2.485589575194710292e-03,4.956485208309356801e-04,1.153251500019752407e-01,9.398317231891116985e-04,8.144312484107978003e-04,4.694804579577192133e-03,9.487358571619848233e-03,2.625093886069378678e-03,6.465904371469254064e-02
1.225510629428928772e-01,1.746376819384039444e-06,2.920487773346957194e+00,3.425886247499534965e-01,3.252716717995966511e-01,6.476314609150408685e-01,4.047488232773442142e-03,4.083333333333333259e-02,-3.709598278320365949e+01,2.254877324410053063e+00,8.874060891917488758e-02,1.615773054501821737e-01,-1.179091524514956357e-01,3.845420376452955424e-01,2.024485305965210979e-01,3.601801489842439141e-02,1.802912222287493260e-01,6.250422316028980685e-02,3.499997433925050028e-01,1.226354228616878712e-03,-3.065774505130736682e-01,2.520345224210090822e-03,1.459508017992331569e-03,2.494955317207330769e-01,4.113357653049018285e-03,4.150864726378756392e-03,4.102430547310578594e-03,6.770302371854179657e-02,7.595370277256228118e-04,5.894108802988634902e-04,4.232017769272030869e-03,3.609239207694547868e-02,4.323132310754304597e-03,6.845135141482325269e-02
2.084201750729470712e-02,3.095218660662818906e-06,2.926169472113213654e+00,3.322865838028919994e-01,3.277053170319280118e-01,2.972780652889713271e-01,1.032058999129936532e-02,4.166666666666666609e-03,-3.735896839995167795e+01,2.106168624524746846e+00,2.210546375522045581e-01,3.607727337898712361e-01,1.148514508810603019e-01,2.138751701996998156e-01,4.777181144408612634e-01,3.461884277292972545e-01,1.858651805160322495e-02,2.391693444290360002e-02,1.579524827517888030e-01,1.071295127525688229e-01,1.425429304563985144e-01,2.964541753031490904e-04,2.935132385782472392e-04,4.786862314164316845e-02,1.881933495604884736e-03,1.917807262141313753e-03,5.077453760986638072e-04,1.394996570942102221e-01,2.464641001683576618e-04,1.064305972770146968e-03,4.168477682781317347e-04,1.325537968952747794e-02,3.476598940731403923e-04,3.909928493033221902e-02
1.667361400583576526e-03,7.516253412629513534e-06,2.783812232533924291e+00,3.010376387650314234e-01,3.291592739193175965e-01,1.199864988623121631e-01,5.633897641010698204e-03,1.666666666666666774e-03,-3.790281921612160687e+01,2.060551548391005738e+00,3.685482001949020314e-01,1.030843793487565135e-01,1.806104004977209243e-01,3.168370058877049700e-01,3.445895803918211930e-01,1.475540396543029986e-01,1.140533820932337628e-01,2.383072979990128459e-01,4.003914375683977900e-01,2.377790463644527674e-01,2.815126067543640698e-01,6.406506031230586710e-05,7.856952943012395385e-05,2.507567145681881618e-02,3.896424997753261254e-05,3.934953425960119430e-04,3.686905601390566339e-04,1.803833147231632683e-01,1.933923044101255732e-05,2.189983111253350555e-04,3.242831428546628036e-04,4.248751426667645922e-03,4.985519667814146129e-05,4.955305816797705293e-02
6.377657357232180413e-02,3.385582443129627573e-06,2.190541979335004275e+00,3.362686303879972027e-01,3.262731844597843711e-01,3.128812769695787921e-01,1.484388542564791212e-02,2.500000000000000052e-03,-3.825352829554756084e+01,2.001422675066636625e+00,4.077669500401150393e-01,-8.111816630957534302e-02,-3.677094891469095961e-01,5.228405508691794795e-02,1.224831266362954030e-01,-9.053498436291947116e-02,1.484871007895921524e-01,2.078455776187722870e-01,3.304227041906062090e-01,7.055336608892737171e-02,-3.753834808459891037e-02,4.252979313464758972e-04,3.918011297509836643e-05,1.965984985477855218e-01,1.823583237080018146e-04,1.312242820599743677e-03,5.317970240191055836e-04,2.037456926230172272e-01,1.773448932551080525e-04,4.272205272528821073e-04,8.625058448442335900e-04,3.499648902501802192e-03,6.409955073845008400e-04,7.431744303295860499e-02
4.543559816590245909e-02,4.410759221866879317e-06,2.717322547247527087e+00,3.249269090590422016e-01,3.283925354938737606e-01,2.360926905505261464e-01,3.250632217619269220e-03,4.166666666666666609e-03,-3.827510669360643902e+01,2.263262414780374598e+00,7.225849277735651999e-01,2.181503189514034657e-01,-7.237247261847704061e-02,5.566489546695498752e-02,1.398099592237311284e-01,1.420885302207731682e-01,3.060899535620041356e-01,4.869851375937110372e-01,4.310166450804800431e-01,1.925605814136421845e-01,-1.493025595370295056e-01,4.297593313598956207e-04,3.085411735139049171e-04,8.582411327289210523e-02,1.598984633023240831e-04,1.254061073841147931e-03,1.860928497567498625e-04,2.077222806465836846e-01,2.863525604827840438e-05,2.347923991140283097e-04,2.094007445353226679e-03,7.376720278918289311e-03,2.632726119819435380e-05,5.971472276118987982e-02
3.334722801167153139e-02,5.520264198277545004e-06,2.589239956094825157e+00,3.264442272047803906e-01,3.332012924536720266e-01,1.867211813662760789e-01,3.378295635701347374e-03,2.500000000000000052e-03,-3.830230740183431237e+01,2.118146085111258792e+00,5.224688648747534137e-01,1.557106436965472462e-01,-1.593146727235871807e-01,-4.078680390528577338e-02,1.578394102493918538e-01,3.124671881219068803e-01,1.230121626600288454e-01,6.126967002551112484e-01,4.479821538744411802e-01,2.418697839603529964e-01,2.102317006209913353e-01,2.087732086797086737e-04,8.636620584063042197e-05,1.204446172920937835e-01,1.085782960682372581e-04,1.319204966859941321e-03,1.596061970764331786e-04,1.331748646268605951e-01,1.045573113561122067e-04,3.025621860678996754e-04,2.303682621779507369e-04,1.968698227410865375e-03,2.404706360018164855e-04,4.715786018642575961e-02
3.918299291371404869e-02,1.320882370731958149e-06,2.433752874524344190e+00,3.592925902290281526e-01,3.220187563471837433e-01,6.774920171331362262e-01,1.226179035811202599e-02,2.249999999999999917e-02,-3.845908452987764292e+01,2.123126679031706043e+00,5.878272349777371453e-01,5.233469750760152278e-02,-1.814467906254728369e-01,-1.187679616799096338e-01,3.733193239982530165e-01,1.938805063453464816e-01,2.118903503907252350e-01,4.167090542719609769e-01,1.946109710555065930e-01,1.164504685959421998e-01,4.655112603734392063e-01,2.646558238883477913e-03,1.252414235645894108e-04,6.639144827812085148e-02,1.030256431397635723e-03,4.345217285524854804e-03,4.779919197049174598e-04,2.598274051225629711e-01,5.250992435765103154e-04,4.094564350948287114e-03,2.966018662229452218e-03,2.576176513716772407e-02,1.016109216947387421e-03,7.145879318375429612e-02
6.419341392246769029e-02,1.801888752429245298e-06,1.977493829771621803e+00,3.327275161380789381e-01,3.251766618112150731e-01,4.530397742349607793e-01,2.703553578162829710e-03,9.166666666666666713e-03,-3.797460230029609107e+01,2.027041006062002992e+00,2.976809083460822403e-01,4.123146644518616011e-01,7.829523292712578519e-02,1.750644562990059383e-01,4.596904189944281960e-01,2.473184998761231435e-01,1.942681066799929190e-01,2.069998902897970949e-01,1.733648812378313364e-01,1.167496487388769294e-01,1.586432797774471604e-01,9.563826081190949895e-04,3.560739310295852863e-04,2.392915719677200792e-01,4.356372892093096074e-04,2.823720071561840704e-03,1.895657128922301682e-03,9.334423125095252238e-02,5.742566828807262351e-04,8.052340554891800322e-04,4.672556250778588560e-04,2.750501616052296663e-02,2.345575814038255394e-04,6.795618037840918391e-02
7.253022092538558008e-02,1.295053107484801783e-05,2.466333472803291738e+00,2.879922489528026208e-01,3.281055974905062733e-01,9.089457774033274373e-02,2.140632040146166898e-02,1.666666666666666774e-03,-3.815335380422928324e+01,2.003137916265940177e+00,6.434375954325679547e-01,4.560252503709374960e-01,1.109121523415663585e-01,2.851325814932089142e-01,4.885628257614574865e-01,2.571187802833733160e-01,1.860592804418267354e-01,8.337905919923263576e-02,2.800577665233014435e-01,1.047808947187098966e-01,-2.220921360860513560e-01,2.636694470377493331e-04,1.961230900213998795e-05,9.404864816185870557e-02,9.869332460188862035e-05,2.709844082773663347e-04,3.884017541910614877e-05,1.494545476144303331e-01,3.387669590645481579e-05,2.395380881432122210e-05,2.452715059884434494e-04,7.637009699629231010e-04,1.684805348825431641e-04,4.669312014819772261e-02
5.877448937057107303e-02,4.605041817898662492e-06,2.514932863514392825e+00,2.982031410533090288e-01,3.219678085506631482e-01,3.392087086062287038e-01,2.624045444345847120e-02,9.166666666666666713e-03,-3.646886116487569751e+01,2.273118303282851915e+00,2.875628835954813778e-01,5.777402433298962636e-01,2.609305425336528317e-01,2.525965556344613727e-01,2.656035816427029239e-01,2.119931233861163389e-01,1.228401718496112544e-01,-4.228839773167501759e-02,1.038353799473166195e-01,4.079196861895903470e-02,5.807963412648287083e-02,3.847215562196114498e-03,6.242320752489380039e-04,2.351263269428090219e-01,1.777679780842848821e-03,1.048063341965001227e-02,1.013938254689770828e-03,1.122529843569245595e-01,2.726299322410617254e-04,1.013292740184139297e-03,3.814232820890298744e-03,3.156613284074276382e-02,2.684348688956189437e-03,6.794628784860394510e-02
