7.419758232596915248e-02,4.676149305025237294e-08,3.143328281813412506e+00,4.461958498608114554e-01,2.840994065414690906e-01,2.964555422683130104e+00,0.000000000000000000e+00,6.350000000000000089e-01,-4.215914060790275641e+01,-1.000830213114737854e-01,2.377549770824347597e-01,-1.122362122655003180e-01,-1.340715981970183324e-01,2.898286759630673282e-01,-1.702061464484286857e-01,3.432105784868186849e-01,1.280722315535529898e-01,-7.122227109890552632e-02,5.687687791537696103e-02,-1.142427831748845934e-01,1.506312429871507763e-01,1.113515064150923106e-03,7.508866373553415522e-04,5.093889505020000527e-03,2.953351482587185817e-03,3.276539464155324606e-03,1.823951862014651587e-03,2.662714687020277093e-03,8.442424839432731897e-04,1.038069887001183194e-03,1.023319516158470313e-03,1.161833977824387569e-03,1.140185146494720157e-03,1.274089025134795237e-03
8.503543142976240088e-02,6.402034279432208366e-08,3.097666201531605434e+00,4.388032806830240995e-01,2.869106166734501362e-01,2.914341032910396923e+00,5.023515092378576675e-04,6.483333333333333171e-01,-4.181974720470358164e+01,-2.139598728918004622e-01,9.898293167908404910e-02,-3.618437985410700719e-01,-3.681506499812754463e-01,3.439918882936546796e-01,-1.985663863491008707e-01,4.778264529094923274e-01,7.742435082324997109e-02,2.010330477774450175e-01,3.140690954706135130e-01,-7.130129253201128448e-02,1.467066552899866094e-01,7.221276477851302578e-04,1.040271675964412430e-03,3.399788740891050709e-03,1.669797472204137111e-03,1.283420266496633532e-03,1.349348518619219398e-03,3.510448893315705043e-03,1.058560497118655758e-03,1.760680537399056823e-03,1.585338727087443359e-03,1.351244053584354544e-03,1.046796489625991238e-03,8.563591031351312994e-04
6.085869112130053854e-02,3.591357119612660649e-08,2.733891096722885106e+00,4.566885810651460931e-01,2.859315905318603468e-01,2.918355524572211035e+00,4.895467805846435722e-04,6.033333333333333881e-01,-4.273035270655905293e+01,-1.195818268214315500e-01,6.103295833023797412e-02,-6.785392587477472037e-02,-1.684261826651071714e-01,1.380930834349399228e-01,-1.269313717421345633e-01,5.224183646131589365e-01,-3.729171185687513157e-02,-1.334908944699141065e-01,2.021702087857376456e-02,-3.574885919608798979e-01,-1.396568732544608248e-02,2.076694247923865921e-03,8.811786447904957752e-04,3.492194479111317574e-03,4.020763427408062182e-03,2.219072303620924728e-03,1.176208683214668201e-03,3.472848109813351288e-03,3.309567945825050788e-04,4.593599403449985410e-04,1.016085289527663468e-03,1.098735769130839953e-03,2.380811150438684552e-03,1.203839874862008092e-03
2.250937890787828299e-02,1.029737986024371105e-08,2.816239096795619901e+00,4.725381444889567573e-01,2.854882154560522411e-01,2.591371460036480556e+00,4.946658630804697584e-04,3.358333333333333171e-01,-4.451708482153277657e+01,-2.901614138821687616e-01,-3.098694676869002962e-02,2.421250904063910678e-02,1.643555014357565014e-01,1.604036140359826890e-01,5.771627462278064447e-02,2.840681011807663636e-01,-7.249526843304882062e-02,-2.274454328980603235e-01,-1.016993392402397445e-01,-3.684050588268675003e-03,1.126124813695623603e-02,8.309264167275280883e-04,1.590421335490006067e-03,2.519985801347768718e-03,2.632114034987232364e-03,1.385907386799861913e-03,7.663014763740407399e-04,8.381312011019265498e-03,9.895930130938846835e-04,1.224429534981882331e-03,1.537154526894915496e-03,1.416810985598231185e-03,7.434144318361846169e-04,2.012056415478033402e-03
1.083784910379324666e-02,4.957355616054346680e-09,2.818990173652224041e+00,4.885010105662151436e-01,2.897757716305417452e-01,2.145929630228984308e+00,5.132520803830840439e-04,0.000000000000000000e+00,-4.496766736844995194e+01,9.249890111309624907e-02,3.888510060429517523e-02,-1.337709118172004386e-01,-2.143346268409574429e-01,3.004198539827760972e-01,9.836476497284601939e-02,7.739629541937126378e-02,-7.288773958136640641e-02,-5.828834172003472675e-02,-1.222825945889032540e-01,9.480143720906759885e-02,1.805469145318177038e-01,2.505842173983014506e-03,1.567396941220089478e-03,3.512159701930970754e-03,2.613907589047705961e-03,2.929790936834789257e-03,9.238361563771136601e-04,1.566485454231781108e-02,1.067144924218710366e-03,9.752412412592348758e-04,1.238844211985753183e-03,1.038850985792234534e-03,1.082013273528851854e-03,3.935091263969642088e-03
2.667778240933722442e-02,2.452441827210601500e-08,1.803364926086671094e+00,4.085175865572011067e-01,3.047227572709553245e-01,2.475868173415686879e+00,7.232514644775360274e-04,3.308333333333333126e-01,-4.219520689836458871e+01,-2.611374649203287990e-01,3.102658604720979763e-01,-5.866624103158007975e-01,-6.532768127102493994e-01,3.085890299033942630e-01,-7.586392326207984371e-02,6.884100787694749091e-01,-3.912822849300635619e-01,-9.485558531319757125e-02,5.476486817809543550e-02,-7.119154851070945422e-02,-1.842398540015967034e-01,1.683150388649334297e-03,4.009440299820320880e-03,7.873378386319523567e-03,6.978158163130925365e-03,2.650054318922516645e-03,3.172141719914910521e-03,6.040207975402160645e-03,3.975132064359611535e-03,1.840938352028499312e-03,9.209004985329949378e-04,1.675573632142391464e-03,2.015927149875407481e-03,2.182695991375634050e-03
1.333889120466861221e-02,4.737377293069978435e-09,3.107331642474354449e+00,4.692154759765279071e-01,2.910103988730279312e-01,2.106565743710087979e+00,7.112399488352734922e-04,0.000000000000000000e+00,-4.485279973792862052e+01,-8.373923703712377042e-02,-1.377215502160362426e-01,-2.430360874834150073e-02,1.603523919028700673e-01,1.559925455847362141e-01,1.816153845269193601e-01,2.301497578621537199e-01,5.555288858003905317e-02,1.397825088269376986e-02,-1.359204906561105042e-01,1.314596513091652666e-02,-9.175008157675171305e-02,1.626485313188240529e-03,1.704469609483502202e-03,2.484673142704897555e-03,1.496332872956805757e-03,2.637248015978652452e-03,1.126804688140006913e-03,1.240957343133762027e-02,2.344651892209360326e-03,6.353222037559689249e-04,2.550082468760260599e-03,2.299977824904539565e-03,9.555982255338965657e-04,3.000091769090008995e-03
2.000833680700291745e-02,8.761934835175999516e-09,2.856553911179729344e+00,4.494327313298341342e-01,2.892780393324512200e-01,2.452867363919466470e+00,4.471933981319804806e-04,1.891666666666666774e-01,-4.418851512692051386e+01,-3.128419401456262738e-01,-1.979367089452723633e-02,-1.066084874336575977e-01,-1.629468855097737923e-01,2.156569813990258655e-01,-1.396413413490852351e-01,1.604548073837787914e-01,4.330305663077229500e-02,2.903486385141135218e-01,7.652046120332942070e-02,-1.014464287615973459e-01,-5.760874540710426289e-02,2.035359461682333029e-03,1.884575508147675726e-03,3.348297386022720812e-03,1.721828041134063287e-03,2.503271522415365796e-03,6.278725345677816641e-04,8.129049250244178848e-03,1.385935726160768050e-03,2.064367210311664029e-03,9.291360190558828509e-04,1.522512666115869882e-03,1.618224494476498514e-03,1.878123072613737711e-03
9.503959983326386307e-02,2.626809965796377088e-08,2.818394620899947522e+00,4.576950308862550720e-01,2.934364770041461568e-01,2.856464673864051562e+00,5.008680216679145493e-04,5.741666666666667140e-01,-4.284943649670263710e+01,2.719681834129739073e-02,4.197553142252333780e-01,-1.085116619739665833e-01,-7.988837295176236253e-02,3.820866198248506485e-01,-4.692256415208251319e-02,5.271363024365259831e-01,1.467721458970298043e-01,4.563586865519721897e-02,-6.641992621756563631e-02,-1.168557565373971596e-01,2.222056743844966209e-01,9.826206036974106592e-04,1.629767776796164132e-03,4.536400890005658042e-03,3.962461799475845356e-03,3.257258581566323599e-03,2.616503947412515251e-03,2.625110962495881203e-02,8.151528430283663850e-04,9.726027929062514357e-04,1.492303473466511168e-03,2.773995134689726406e-03,1.068930320348422973e-03,6.756581495069489095e-03
6.502709462275947649e-02,1.768068899440548777e-08,2.572163201754042561e+00,4.501088171231751867e-01,2.949395540908992253e-01,2.676995699029594888e+00,5.160403564769250719e-04,4.316666666666666430e-01,-4.336859470338051636e+01,1.293028605746812665e-01,6.478345313673923300e-01,-3.169066828748901693e-02,6.660227080722885828e-02,4.289041614722493012e-01,-8.902050669655642290e-02,3.463293104297302527e-01,-3.172721190848087902e-01,1.643359752744494306e-01,-2.504795004509104972e-01,-1.746693025998110119e-02,4.572113614121693370e-01,7.964247450575129761e-04,7.710438309262893737e-04,4.788328973813883380e-03,3.287032108699570673e-03,8.686661399156754559e-03,2.280752298894840775e-03,2.223922307269798199e-02,1.090074228582123186e-03,1.359353666430156930e-03,2.694739049438162146e-03,5.269610901499637186e-03,8.995187622476250207e-04,5.806698835732060707e-03
0.000000000000000000e+00,3.887919715574038967e-09,2.999100941928476427e+00,4.799379146639549676e-01,2.936925717405768910e-01,1.964411501415965766e+00,6.674196809457195578e-04,0.000000000000000000e+00,-4.541107181143093641e+01,-5.514434805801966821e-02,-2.527164508149245745e-02,-1.123108566725226631e-01,-2.140546414000490394e-01,-1.556642633622129512e-01,1.784103847599975146e-01,2.087527086904024387e-01,1.969531149406246184e-01,1.781235802203440799e-01,1.742715112345153972e-01,2.074177717326039228e-01,-2.082425634765751668e-02,2.296068069910016211e-03,1.088824568184930050e-03,2.088983795001441400e-03,1.035853249785113808e-03,8.239975718961895087e-04,1.754567149142778268e-03,3.058755060167647755e-02,1.517838401681881636e-03,1.109216791272631293e-03,1.163765753699246876e-03,1.371354775746190784e-03,1.859165845030433294e-03,8.061000578416103665e-03
0.000000000000000000e+00,1.720059945446179171e-09,2.683556129006103852e+00,4.926809514472407225e-01,2.956941161905011217e-01,1.368592499011495933e+00,4.177932941687873274e-04,0.000000000000000000e+00,-4.637555831989256205e+01,7.774371497450534296e-02,2.636654103705500518e-02,2.216422421194692849e-01,2.497258544915147149e-01,-7.345328977417736604e-02,-8.716778240062543481e-02,3.890721316246724404e-02,-1.079576063031005007e-01,-4.534576163931167136e-02,8.086555393605138545e-03,-3.409332496973071364e-02,3.591564784663518837e-03,1.207488140689394430e-03,1.400344361863237273e-03,2.301092317238294903e-03,1.443649978645569938e-03,2.418459082649021714e-03,1.011777669141068021e-03,4.319044276042464242e-02,1.381879302608821167e-03,9.742069760115520992e-04,1.366913946018375381e-03,1.071866850529980958e-03,1.048665650252434854e-03,1.155341332107712865e-02
1.167152980408503460e-02,9.873384944132886916e-09,2.609390852508123082e+00,4.757216871603607844e-01,2.860893894197792942e-01,2.571304952993105353e+00,5.154335944890385459e-04,3.208333333333333592e-01,-4.433195187413865312e+01,1.349721782533352087e-02,2.939905895226477966e-02,-8.066838270613161874e-03,-4.772979366414968616e-02,1.832409605228763616e-01,1.839270625221947897e-01,3.802545358282575366e-02,-4.066566330939273138e-02,-1.179354408661572040e-01,4.196903680366849410e-02,6.748176716451394219e-02,-8.361418564558230349e-02,1.077543566781509346e-03,8.639679922984404552e-04,2.426556883363570078e-03,1.853909808676180429e-03,1.025658214691818181e-03,1.297330233053378213e-03,2.038316931078049121e-02,1.359770504768579094e-03,1.697586333845558029e-03,1.425082720764265370e-03,2.347989092376921196e-03,1.171204598068980099e-03,5.239569690627759319e-03
1.233847436431846634e-01,1.150497183222623176e-05,4.343301660850646950e-01,3.112213945823787964e-01,1.926881552027953914e-01,1.279698891019982021e+00,2.531981094931714388e-03,4.633333333333333193e-01,-3.926756733588551640e+01,-1.733967400459777819e+00,1.321407285978182244e+00,-7.872279303800999717e-01,5.132110628027695132e-01,-1.043621352303383517e-03,-1.087693707745384514e-02,1.628033730774803012e-01,-2.839470650739067681e-01,-5.160837028427117668e-02,1.399941039565070766e-01,-2.288275054210364701e-01,-4.003926456521849642e-01,4.843984062151972768e-03,2.799404143557591290e-03,8.827190807741058451e-04,7.110871037640704734e-04,5.611595363624909735e-04,2.937949912410749522e-04,8.173112244274232958e-04,1.491537301565913328e-03,6.499330608188915890e-04,4.398721618893281209e-04,2.327054074604845851e-04,4.724260007270567269e-04,1.290319931053775151e-03
1.417257190496040153e-01,3.015236511396833432e-05,1.883689181215955077e+00,2.347900151780788480e-01,2.348122811218153472e-01,1.152208901358108939e+00,4.621890181560561750e-03,4.883333333333333415e-01,-3.151575196063460282e+01,9.966879598235619531e-01,2.729699146244730576e-02,4.877678427607935463e-01,-6.071551406190149880e-01,1.429721785021275948e-01,-4.243554005044642974e-01,4.659468121850346978e-01,-9.689277705018953801e-01,2.237682564938419660e-01,2.699026291003540634e-01,-1.238063882474505772e-01,-2.543420336633724355e-01,7.560821270608854457e-03,3.351293344446460484e-03,1.797278653994983239e-02,1.963878740242111509e-02,1.713243055847750787e-02,3.010084978574402610e-03,9.779383694369847210e-03,5.630707864247848186e-03,3.620333077890621355e-03,1.264868742724841767e-02,2.389180285565025048e-03,3.506422872803875105e-03,6.174727352406949622e-03
8.962067528136723193e-02,5.262617307780956516e-05,2.603671562262350747e+00,1.984066640588193209e-01,2.431802350422354875e-01,5.582316676409202483e-01,2.886463618542460877e-03,9.500000000000000111e-02,-3.091102795690030192e+01,1.798398160507796550e+00,1.273126704741815995e-01,-8.693065037063450740e-02,-8.278689014354903009e-01,3.191063391404085348e-01,-1.682325573960555543e-01,3.991769684832208731e-01,-7.129763201694313546e-01,3.249870289799323686e-01,-1.243256930652699294e-01,-2.467921617070420182e-01,-6.118569606639591152e-01,5.422623860996182710e-02,7.686186087250676535e-03,2.822587178715890016e-02,6.262523203655981710e-03,1.047648244781879297e-02,2.587202309581258450e-03,9.248628213556339336e-03,6.062464589431057829e-03,6.688021551778137661e-03,1.228322447127385211e-02,3.011694894479808801e-02,3.028427133876123584e-02,1.477881732569306765e-02
1.446436015006252740e-01,1.526996178816549986e-06,3.214189539935700335e+00,2.900080729817798297e-01,2.892104623463016000e-01,7.934496419394845290e-01,5.085697725972517479e-03,1.066666666666666735e-01,-3.619454368907192787e+01,1.570063372975159632e+00,5.601816249531463843e-01,-2.962196553724317782e-01,-2.180833366593657174e-01,-7.050849801472858225e-02,-1.537800854439132225e-01,3.693986555488469326e-01,-2.518917142827116207e-01,3.258076694906582998e-02,-3.159386000401201433e-02,-3.274993813770361029e-01,-3.285975152762665719e-01,1.103406224293947482e-02,4.067149847643422404e-03,1.780919173253172824e-02,6.082394516203601213e-03,3.678214205349402809e-03,4.716958399702132873e-04,9.610469290180627400e-02,2.161547307569163055e-03,6.138775655525010970e-03,1.485498445142851773e-02,2.199645321561451150e-03,2.477296479440342820e-03,2.531472048351303406e-02
2.584410170904543474e-02,5.970718517436771698e-07,3.082119145896618395e+00,3.584400658582709842e-01,3.067052604373200486e-01,1.093349640712893089e+00,1.427541949906180893e-03,2.816666666666666763e-01,-3.842089876614487309e+01,1.690592862031135013e+00,8.720097739737049380e-01,2.807394442911086974e-01,-8.035072479893415331e-02,-2.990611948804372880e-02,9.914601392810855340e-02,1.761312737455416055e-01,-2.808515895008846797e-01,-5.790073174804125089e-02,2.124313872678043613e-01,-6.215385771694281053e-02,-3.348821076268130859e-01,2.300801363016063712e-03,1.070044253414329048e-03,2.493824124495468836e-02,7.786108613942812305e-03,3.789625804042264217e-03,1.367891729936965457e-03,1.637180560240481808e-01,1.893225455300039160e-04,2.112200624808032411e-03,8.424976005560563114e-03,1.385707002461181517e-02,2.496901411613966591e-03,4.405983417304826927e-02
1.008753647353063804e-01,1.765822782841795424e-07,2.542057636417898614e+00,4.115560896019925807e-01,3.027290058569824249e-01,2.170242394506998629e+00,1.374432646196101920e-03,6.266666666666667052e-01,-3.970211158437678733e+01,1.447085570893628992e+00,4.250411914079549325e-01,4.839644059552686978e-02,1.097493921756685364e-01,-1.366438793839336308e-01,-1.779184564234195243e-01,-1.599278525036513165e-03,1.322793696178244938e-01,2.277546465969962075e-01,2.139325155987487903e-01,-1.142466084645904212e-01,-1.691913957845530281e-01,6.542463521700302848e-03,9.634583130825412735e-04,4.978619003604686788e-02,2.360067625280585970e-03,3.973045174503195449e-03,1.791168080561152034e-03,1.198957184895220601e-01,4.133702393068877093e-04,1.988641662132742925e-03,4.777295626734999814e-03,9.803130772008701935e-03,5.650274118871072108e-03,3.350808072808295068e-02
2.213422259274697712e-01,3.889483238715974886e-07,2.951118787864560389e+00,4.020002830574799790e-01,2.862687812170805479e-01,2.596080150140980258e+00,6.007258629329701762e-04,6.574999999999999734e-01,-3.833645389437054263e+01,1.112153749638318034e+00,-6.694193326165455427e-02,-5.632404645749272687e-02,-2.187489594302563234e-01,-4.746380692057586975e-02,2.928562507348627872e-02,8.109727054510221700e-05,-4.722842823748753249e-02,9.334552678123135550e-02,-1.786986558623748778e-02,1.626341508608429853e-01,8.061862013025562768e-02,5.304471205283237296e-03,1.362884059280530758e-03,3.043397957189219669e-02,4.382430920095044952e-03,4.931041504457749601e-03,3.512426792003432805e-03,8.199552851547535492e-02,1.755924429914487977e-03,1.241379031615301009e-03,2.142400466278534914e-03,8.147747085941160761e-03,3.505711286981386034e-03,2.232375627471645113e-02
2.492705293872446715e-01,4.477941958321265264e-03,2.595620989549139335e+00,2.814952154722673017e-01,1.887131834049833312e-01,2.006670259895822817e+00,1.881639237023397708e-03,3.666666666666666408e-01,-2.715478735286884415e+01,4.240494305069040237e-01,4.980315320800443035e-01,-1.503349507737316459e+00,-2.049734988031619576e-01,7.884620020168983667e-02,1.019085613106028992e-01,1.123817128449429853e-01,-1.318806598194370017e-01,-6.095696449822412231e-03,1.721801015589312089e-01,6.668739654450689391e-02,-2.671515295445388016e-01,1.352337247912697646e-03,8.665495728488600228e-04,1.575631967338973326e-03,4.083278000628222382e-03,5.879960504609191285e-03,2.991481874059605771e-03,2.467799279603295499e-03,4.906947277042096774e-04,1.650407623623392946e-03,1.551083352673707054e-03,1.569852814609569523e-03,2.512496718471739481e-03,1.437124109569145550e-03
1.204668611921634047e-01,2.445604002464503521e-03,3.189079000719416523e+00,1.816493726282419618e-01,1.627373638478504247e-01,1.292234405468165370e+00,4.991627388392631641e-03,1.316666666666666541e-01,-2.732201104742346232e+01,-4.643500398724948464e-01,9.536994578040872694e-01,-1.423361170322680502e+00,-1.404991978448018597e-01,3.248411842433524543e-01,-7.710112831083415497e-01,8.409359155148654619e-01,2.194924085483133946e-01,8.846940146476695022e-02,-2.960450841712264913e-01,-2.446808426767640154e-01,8.809742001651263421e-02,2.212524078388858773e-03,1.873639603599474516e-03,1.023463882074659298e-02,1.076185964000603637e-03,1.166514245244234561e-02,3.547673537025017223e-03,1.817825540881002873e-03,4.939352925802996484e-04,4.285072899382599875e-04,1.352158568687606560e-03,1.119447115641156783e-03,1.778923720565047913e-03,3.595533929454369955e-03
3.126302626094205894e-02,3.128560439281065364e-02,3.117310652928947601e+00,1.070201056668793338e-01,1.638314456840345990e-01,1.921525421504292064e-01,1.610390682422904035e-02,7.166666666666667018e-02,-2.366097069077503079e+01,2.046301684210791727e+00,1.550211857703296392e+00,-9.361135029599025881e-01,-1.061212590377870635e+00,4.077571249177431301e-01,-4.428373858012368824e-01,7.006672526614649010e-01,3.181349926372177284e-01,6.591475968834051291e-02,3.477685558871745908e-01,-7.039852869971528759e-02,-1.597449244780408950e-01,2.518444971346986763e-02,5.120631262962250380e-02,6.495708187834265714e-03,4.453142127567156594e-04,3.746990179892144539e-03,2.800370995006745342e-03,6.485890371740081484e-02,5.442026018040879319e-04,2.018508537629685670e-02,1.660520133328919831e-02,4.160266424878587312e-03,1.153146070233335499e-03,2.037692971999505165e-02
2.834514380992080029e-02,4.920609474771170562e-03,2.536903474578562356e+00,1.571017969918803991e-01,2.172571829518932518e-01,2.437775313109354358e-01,6.804357360337860705e-03,2.000000000000000042e-02,-2.585341999393959966e+01,2.447343521910365194e+00,1.728869199779293098e+00,-2.028472630320294900e-01,-8.294397000686207777e-01,2.093968993439200288e-01,-2.835828610934500449e-01,4.084962755472797968e-01,1.552311528822543016e-02,1.517275518975399161e-02,2.657071278772858425e-01,9.894773364312563213e-02,-2.155067916255341554e-01,1.275740887172124513e-02,1.602641979312547857e-03,1.976981631128941000e-02,2.407171085422725367e-03,1.274051829776599344e-02,1.585423052965788393e-02,9.245914681868978857e-02,4.073216283773585414e-04,1.392844150852739007e-02,4.564637382433966994e-02,1.256450712848281720e-02,3.913900742096497638e-03,2.484999617540474548e-02
2.100875364735306505e-01,1.555728829191251050e-02,2.682193832561114100e+00,2.494676045900009742e-01,2.141097318439283415e-01,1.428258404683044658e+00,7.780343510741404359e-03,2.841666666666666785e-01,-2.374327978524476990e+01,1.835876297591272133e+00,3.998317886330823856e-02,-7.958628594902783515e-01,-5.387800423631063929e-01,1.310201746528898703e-01,-1.332915499334902110e-01,-6.291927048961289126e-02,-1.607178251479505215e-01,2.233871771561704578e-01,-1.834235139950149973e-01,3.544133505868965472e-01,-6.384929815322319957e-01,2.026413151915368999e-02,3.294995707961225449e-03,3.748935482491926301e-03,5.457728785282063783e-04,6.502400739609736496e-03,1.577054901574405366e-02,6.916340803559600792e-03,2.028221385282001372e-03,2.620889716052644206e-03,3.368093887094730787e-02,4.174737665521747326e-02,2.368262619859186000e-02,1.313064177800585264e-02
2.751146310962901062e-02,6.145924093589436032e-02,3.318077170902320017e+00,1.061965766630241920e-01,1.641089698692395626e-01,9.537586279616891427e-02,1.201147212425559586e-02,3.083333333333333412e-02,-2.245193930446327357e+01,1.885050946068665967e+00,-1.386861354488306275e-01,-5.402949147573076205e-01,-9.348195446814633325e-01,6.902092429374100391e-01,1.582717014708509562e-01,-5.456387391977551155e-02,1.825194685362921954e-01,-6.383827563984828535e-02,-2.465073472107864594e-01,2.181513406244857678e-01,-2.411975442854750185e-01,9.661355299104211827e-03,1.315366533071472051e-03,2.136461908868201708e-03,1.244093619335808485e-03,1.312390238957811435e-02,8.874203411750328924e-03,1.293191254532418105e-03,3.948135720254625767e-04,1.051949068331309951e-03,1.592335385008130169e-02,5.333669652922573556e-02,8.777483115764801377e-03,1.410427089412399394e-02
1.917465610671113124e-02,2.383725093739460718e-02,3.030427270023848596e+00,1.002845679894468073e-01,1.682300402615372892e-01,5.477262257341254659e-02,1.143684231970735869e-02,2.333333333333333440e-02,-2.397493206479695615e+01,3.019536507811587001e+00,-1.709790012578411289e-01,4.412669428265102861e-02,-1.187186046429145048e+00,7.386651269687795063e-01,5.451335408606073907e-01,-1.458138497676048362e-01,4.258625462107871740e-01,-1.949716921353557564e-01,-7.164241453660333270e-02,3.651989044596485878e-01,-1.148948437326448857e-01,1.350425665263744503e-02,1.582226168864215091e-03,5.163396840991390895e-03,3.696716122750758841e-03,2.004335902363423016e-02,3.397394829846770055e-03,7.553041015436183503e-03,3.578930628800808863e-04,5.323967963412423385e-03,6.057289175104940693e-02,4.787203149222936382e-02,1.074070977568465516e-03,1.887153440054638656e-02
1.292205085452271737e-02,1.072482285651699162e-03,2.987070030678946164e+00,1.303727961951206271e-01,2.208616765450913955e-01,8.400870205499605392e-02,8.780761281133078397e-03,2.083333333333333218e-02,-2.770268859730414590e+01,2.912092211151176446e+00,5.644434507401939749e-01,6.195833533641278423e-01,-5.998598265397677709e-01,2.145279416541621964e-01,2.539246252710413154e-01,-2.486681624346493702e-01,2.776824316832510742e-01,-1.216767642310183778e-01,-6.234567271288865564e-02,3.172959829293914846e-01,-7.735239080436222010e-04,4.297379755745309171e-02,1.283658094289009781e-03,2.702199967560322755e-02,4.531566492070863116e-03,3.007692053337810215e-02,2.702338288047263087e-02,4.053144321082548934e-02,5.551507199567795462e-04,2.538349571214920056e-03,2.585887800887403526e-02,2.724704363544567035e-02,2.590713472292973524e-03,1.529434419538719218e-02
1.763234681117132052e-01,6.906387014178649517e-03,2.862022425137695336e+00,2.990357166436509173e-01,1.804645983571713241e-01,2.166619918469602890e+00,1.267634674204039594e-02,4.241666666666666918e-01,-2.713843271947229141e+01,1.193381427617536295e+00,1.178516426281840834e+00,-6.206434598335958119e-01,2.296098084948971219e-01,4.323230169922188115e-01,3.696184018564513396e-02,4.716992091508714902e-01,-1.141887615101868370e-01,-1.868263847669163757e-01,-1.256257962086129165e-01,2.876138052479266238e-01,-1.841761310857072398e-01,2.959176201320231746e-03,7.691935239657133119e-04,2.750270911850696918e-03,3.407101044160198988e-03,2.839446404352681790e-03,2.350260282046191807e-03,3.852058900736028083e-03,4.549948398273712352e-04,7.283349780367519245e-04,2.272420430690235468e-03,9.000518024593477315e-03,1.358598620917930494e-03,2.167240180476309210e-03
1.225510629428928772e-01,2.850912146238279449e-03,3.208796422578445551e+00,1.753429816819791209e-01,1.542720698912295463e-01,1.434878628059940153e+00,3.246808182318801882e-03,1.908333333333333270e-01,-2.602577768551159210e+01,-7.849265710838914112e-01,-3.126585518273685693e-01,5.533444971824044017e-02,9.127814317397560107e-01,-1.594983841876841321e-02,-5.452464406704852218e-01,1.945154121676254955e-01,-1.919266379301895198e-01,-3.198206105433290536e-02,-1.940570803194679173e-01,3.676894447420821499e-01,-7.078548276091511937e-02,1.245056936988787021e-02,1.660766131011636587e-02,3.058771185161083574e-03,4.131062523214824346e-03,3.289308011197647746e-03,3.320226162858720340e-03,1.074541175386885955e-02,3.676255786903833995e-03,4.819353691727128013e-03,8.933299598837911564e-04,5.895207932555653757e-03,4.377631410077765031e-03,4.460059742297519184e-03
6.335973322217590409e-02,4.234742726181596473e-02,2.224784367461069223e+00,1.121929491216218516e-01,1.758136461745611334e-01,2.345467267839558834e-01,1.032226083280958148e-02,4.250000000000000305e-02,-2.229548333223717549e+01,1.901629458276977491e+00,-1.200810860082706322e+00,-7.366958575517443819e-01,1.001037608751876196e+00,-4.284178535953559776e-03,-1.267022834681124643e-01,-2.496074031267953020e-01,-6.042615101665446686e-02,2.662772261114255135e-01,-2.525881575510117716e-01,3.834283647140048212e-01,-2.212822645118902587e-01,4.104694742831338852e-03,3.622225388312203323e-03,1.814464810850840038e-03,1.728041686438553173e-02,1.090627930289142684e-02,4.559965836893747904e-03,2.704780252307779909e-02,3.570528659335137772e-02,2.718273250871960142e-03,2.344699799171725760e-02,4.666374926209761881e-02,5.281199424421458358e-03,1.427481603502558059e-02
3.209670696123384515e-02,1.078473066195384661e-01,3.204853960039061533e+00,1.262749480222371268e-01,1.891577965968978536e-01,2.481617966980101397e-01,6.311565547612085769e-03,4.166666666666666435e-02,-2.160685848336506965e+01,1.353591142900748112e+00,-1.391765656470971946e+00,-6.569319867925703660e-01,1.204425444696995084e+00,5.583840751647394657e-02,-2.583741323379212806e-01,-1.243651935209939274e-01,-3.561266203905169014e-01,4.956276132157155789e-02,-3.230270040233352291e-01,4.029963304613937147e-01,1.225571150873465062e-02,3.222983142931317574e-02,2.283663009988119719e-03,2.637403302578968795e-03,7.121770290865156970e-03,7.259644421765447213e-03,2.185577764357803793e-03,8.731073951158885293e-02,1.239975792758730338e-03,9.612028014128519643e-04,8.860439965048615141e-02,1.062901102141423568e-02,1.784295475195310163e-03,3.133189765376646202e-02
3.042934556065026927e-02,5.086012634995765863e-02,2.967497009698291777e+00,9.984697533257139157e-02,1.620392589690634322e-01,1.006725323850294340e-01,1.634088380846740116e-02,4.333333333333333481e-02,-2.243538292684771918e+01,1.673666257271748670e+00,-1.791441878873847537e+00,-3.959708664075886064e-01,6.446299593430026009e-01,1.839793636944251076e-01,-5.814012892224060813e-01,9.874644777394296635e-02,-7.349861035967014677e-01,2.540230022615870276e-01,1.680603710033703735e-01,-1.269804628059262308e-01,-8.933563100626713827e-02,7.641435038463185135e-03,5.462817786351852143e-04,5.988895744290664847e-03,7.518128121337380038e-03,6.613637355306365394e-03,2.067177417649544366e-02,3.226090440722591962e-02,2.658794547779889071e-03,4.987651238412132981e-02,3.313523976105818645e-03,6.526291365254811676e-03,3.164782870228704387e-02,1.486890146762156334e-02
9.087119633180491818e-02,1.948040624164440677e-03,3.131287408932085903e+00,1.869133829484654341e-01,2.019887146802431810e-01,8.377400244890714776e-01,7.440733284270509632e-03,1.275000000000000022e-01,-2.568082082247577347e+01,1.001112140731678091e+00,-8.003207382941974757e-01,-3.743101282992123968e-01,6.504777278497897441e-01,7.997793517570904454e-02,-2.220140699352210201e-01,-1.252916871195394917e-02,-5.421596469918191774e-01,1.923715149092120602e-01,9.075212353825123923e-02,-3.748918603523683502e-02,2.788032998172388366e-01,2.076004922960349164e-02,1.000495721587320178e-03,2.690316786742088465e-03,4.563970729378762775e-03,1.200513492316999421e-02,6.460824319012738182e-02,1.453873464770745298e-02,2.171184340886069854e-03,8.228601810933780514e-03,1.970681885433303929e-02,3.081915377851853280e-03,5.561582431541672866e-03,1.679888667008181194e-02
1.646519383076281706e-01,1.818959612821002911e-03,2.430769029316708796e+00,2.130672946333055096e-01,2.057476850973066484e-01,1.425840737741473019e+00,3.833537197964673876e-03,2.066666666666666652e-01,-2.632294521786800701e+01,1.793361422757297152e+00,1.110456074007653671e+00,-4.402826643953326458e-01,5.854444556472250261e-01,-2.448525763029211488e-01,-8.349895380870168970e-02,8.591992611153387305e-01,1.703136104674845275e-01,-1.260509446670006195e-01,-3.846156564299519909e-01,-6.677490566004785910e-02,2.548254203839322996e-02,2.243141488488867644e-02,7.083384467538943186e-03,2.705861128061589488e-02,1.221823932087675105e-02,2.056948677159344332e-02,2.209995760376748733e-03,3.096707636279269829e-02,1.052893537627926611e-03,4.088370563598736282e-03,1.207535567527520497e-02,2.344786152473178620e-02,3.241434037459381152e-03,1.015321658078363609e-02
3.501458941225510380e-02,9.715866208561392200e-03,3.161233291207148355e+00,1.151718399461579695e-01,1.770831091473833163e-01,3.667253380392878626e-01,7.693988394257428483e-03,2.583333333333333315e-02,-2.525768041342891479e+01,3.040902892573775773e+00,1.505400660300771909e+00,-1.645519668946688885e+00,1.639621577797387153e-02,-9.555852211492760206e-02,-2.036892512227167218e-01,8.823149955419926638e-01,-6.567713321016813710e-01,4.078684419951483786e-01,-2.568619733796895233e-01,-6.154519912203449544e-02,8.450044764650372839e-03,5.752628662870926633e-03,5.226687397456361052e-03,4.947304060571246220e-02,7.719248944999737572e-02,4.928281345017149206e-02,5.121241620472484490e-03,9.867723778007188307e-03,1.501768866465529430e-03,3.339669514926521966e-03,1.146997391872896926e-02,1.271129699829632795e-02,8.780583416992622514e-03,2.347677831006725682e-02
1.667361400583576569e-02,4.052876070681468018e-03,3.088659511133946545e+00,6.830035793519845244e-02,1.354077682511674874e-01,9.047187291090734440e-02,1.209975179835008803e-02,1.833333333333333343e-02,-2.709585370269603644e+01,3.269314407180808679e+00,1.249505295647824532e+00,-3.321964701704042122e-01,-5.671568505050543774e-01,3.418306378388002442e-01,-1.627094712201301308e-01,7.325092571087681304e-01,-6.307955844128090295e-01,2.694147145401885601e-01,-3.068845051267690693e-01,-5.290988826602997797e-02,8.114434852588972569e-02,4.837277188557068813e-02,1.466296464091317421e-03,1.259837626084114592e-01,4.768803283749282335e-02,2.086663450118727767e-02,4.591785087274357149e-03,1.858998182577523486e-02,2.703124030708317399e-04,4.036930626765515562e-03,2.487317573657237121e-04,7.480082798238641729e-03,1.406381751592137609e-02,3.460983379242638797e-02
1.375573155481450531e-02,3.501116470394956791e-03,3.182903549737407189e+00,7.759201752357945681e-02,1.685496486381037884e-01,2.486145679992663240e-02,1.880573818434137789e-02,1.166666666666666720e-02,-2.812392307195399965e+01,3.545965920637240476e+00,1.121514386150051834e+00,4.572143516501768756e-01,-1.624301785548039612e-01,3.739215936782001037e-01,-3.849521086352810650e-01,7.285469272642174365e-01,-4.313269963260785711e-01,4.182138750016906603e-01,-1.504538377156270645e-01,-1.434476219063372283e-02,2.150129301627389522e-01,5.173421547588120777e-03,3.730356026526858611e-04,1.159671146278119652e-01,4.798693008916436742e-03,2.078360495558426863e-02,7.651025440907636976e-02,1.570194035396827933e-02,5.329631421033484699e-05,1.958255285039546057e-04,6.913137166548019054e-03,6.473517851368194853e-02,5.857441965319096916e-04,3.670638162408958183e-02
2.667778240933722442e-02,1.914534839616472209e-02,2.979529558917880738e+00,7.047625250673011932e-02,1.206264680159982450e-01,3.605550040914932974e-02,2.590005277736616776e-02,3.916666666666666907e-02,-2.350388103853511979e+01,2.147495358175062652e+00,-1.340059169042263409e+00,-1.187551533030790640e-01,9.932572792072763557e-02,9.712535753972423302e-01,2.656803009395661969e-02,2.168606471085602061e-01,-2.324722036609393472e-01,1.854046558562089109e-01,5.596019707052211078e-01,-6.095715903059859553e-01,5.657918091068743216e-01,1.870294198203886456e-03,1.756765985864140950e-03,5.424659809376072145e-02,4.676705297502773036e-03,6.433359828764259082e-03,2.417495240807567350e-02,1.720476017151359449e-02,3.489208024367321248e-03,4.417691994056433674e-02,1.581079394070942015e-02,2.212569183123916025e-02,1.122648006937560297e-03,1.673453464932566845e-02
4.126719466444352113e-02,2.255855898045990710e-02,3.137038487432823874e+00,9.845932807438426138e-02,1.449353621558736038e-01,1.480442441137219955e-01,4.035441572990694677e-03,7.249999999999999500e-02,-2.301733149235022324e+01,9.288846444455026719e-01,-9.578505948317364016e-01,-5.621508533762983317e-01,-3.454921448240458881e-01,1.199895985332379844e+00,-1.919166437681633919e-01,-1.305284424548632805e-01,-5.024072509549480821e-03,3.589517151428711084e-01,3.889018295028447147e-02,-1.071746933920174616e-01,1.869012562274264752e-02,9.152101888065084304e-03,1.375457228914029077e-03,4.394561168303134230e-02,3.262627111465118100e-03,2.092703001199540044e-03,4.952247382045922575e-02,5.342939788957320156e-03,5.167690304088156522e-03,7.439275372876548442e-02,1.058898052187205036e-02,2.262851891274263866e-02,3.705248672638718124e-03,2.283680700937027602e-02
2.876198416006669339e-02,2.457045545455280918e-03,3.100681224545048575e+00,1.202011977317875291e-01,1.941516069632762131e-01,1.483608376487754454e-01,7.467156462400053978e-03,6.250000000000000000e-02,-2.583015436051792690e+01,2.183202599761683960e+00,1.359802093759089336e-01,-1.706691666573761923e-01,-6.714421436776764063e-01,9.556381647463290108e-01,-4.139554025935798104e-02,1.420653369477280770e-01,2.626101922216675932e-01,5.669090023776834908e-01,-1.744751295642927025e-01,3.678979148885040962e-01,1.483099975429435780e-01,5.805292080139042195e-03,2.260851980790913249e-03,7.946587306529842576e-02,2.839627625369844401e-03,1.817272745923281460e-02,1.498669403258294335e-02,1.423924654305769484e-02,2.284978607578766387e-03,5.502084887501486332e-03,1.913236481541662551e-02,6.729206986236187238e-02,1.073636261139642584e-02,2.458827201320659336e-02
4.126719466444352113e-02,8.547005130734627865e-03,3.173099029911748303e+00,1.461229622983951093e-01,2.071092286798743298e-01,2.115846684305819625e-01,8.895252922358308847e-03,2.083333333333333218e-02,-2.566278135854554066e+01,2.253741961470598465e+00,8.140142098425957595e-01,-5.830031150973543630e-01,-1.112995621870363827e+00,3.368744572204815935e-01,-9.800923335094921529e-02,3.076016262161046511e-01,5.698717711691030363e-01,3.742164349275206026e-01,-1.364316454217313068e-01,3.513552923368645775e-01,-3.240249292958821692e-01,1.250934109507330014e-02,1.281665056422620240e-03,8.763712001846669930e-02,2.464692399301216322e-02,2.197841777682429595e-03,7.424626491225878692e-04,1.098085974996676831e-02,2.875353411457015900e-04,1.032992583666685451e-03,4.499923007714211505e-03,2.740044451892470825e-02,8.531870062360273621e-02,3.034966132229420174e-02
8.336807002917882847e-03,1.983397716717261953e-03,3.294658427766114617e+00,9.642804423084089249e-02,1.806252935510478386e-01,7.491164363416807914e-02,1.854848590277122233e-02,1.166666666666666720e-02,-2.851886877655909558e+01,2.840655628151059098e+00,1.572470946345107423e+00,3.279454019596563796e-01,-2.876086850921678595e-01,7.281109130069028934e-01,-1.616683784002899069e-02,2.651372946525353269e-01,5.180264950447311945e-01,3.014799739732170261e-02,-2.325479013375167658e-01,7.286113950175604481e-02,-5.600843344219681441e-01,2.949209550623321623e-03,1.072264262874212054e-03,1.194136720210393771e-01,5.449337800052123787e-03,1.777287773432571077e-02,6.664392607768293043e-03,1.666591500606933937e-02,2.148003767345494437e-04,4.438490790935285053e-04,2.772825462512204520e-02,9.563570722167960558e-02,9.546915546450459103e-03,3.793055831235131459e-02
7.086285952480200073e-03,3.418132205274940542e-04,2.809311031288914240e+00,1.309795913416083868e-01,2.299081070783557945e-01,4.772359976219926747e-02,4.439905712476866634e-03,1.166666666666666720e-02,-3.101679627212905643e+01,3.034409813194142824e+00,7.789986165854271283e-01,6.587037957794164011e-01,-2.403783612702846406e-02,2.724683311962442511e-01,2.149878662469091872e-01,3.028813167007887164e-01,3.670579786102753372e-01,3.580299218075416179e-01,7.783412333070416356e-02,7.107714943121146156e-02,-2.549058400630382915e-01,2.935727581234471532e-03,6.540378502682221490e-04,1.788867227134241511e-01,3.319604704119859945e-03,2.256105610762168187e-02,3.515307091419352624e-03,4.755350619321577904e-02,1.849052469758830693e-04,8.454638942344976137e-04,1.956925887543613934e-02,2.910169539750965401e-02,1.164614473916529037e-02,4.795382643651085325e-02
4.501875781575656599e-02,4.726861820782847891e-04,6.611978442296152503e-01,2.214305217569709494e-01,1.985069425577344060e-01,1.438346851734443321e+00,2.261026880226544439e-02,1.966666666666666563e-01,-2.890847816323532626e+01,1.163371812117235393e+00,1.615584329132683905e+00,-4.804719950236941983e-01,7.163869299167147098e-01,4.455436664586535644e-01,-2.095950689797733135e-01,-9.756832348903241026e-02,6.159108603241603835e-02,1.317869996505796615e-01,-2.631260053157230550e-01,-3.242157967457084955e-01,-6.102668670498021669e-02,9.824754481639684511e-03,2.302528269019299759e-03,2.833838480040848026e-02,8.175253592493094898e-03,1.024734212655948294e-02,3.509877797790060799e-03,8.200214044446974687e-03,2.236226017469333284e-03,3.309608086560008634e-03,4.902224285873169919e-03,1.393831525113528071e-02,2.024564140213614988e-03,7.132232974509663571e-03
4.335139641517298664e-02,9.304112960815895395e-03,3.102991594449276302e+00,1.150433835999488119e-01,1.702596621787577091e-01,1.828664333799902564e-01,1.352671833926349758e-02,2.249999999999999917e-02,-2.489257177234765805e+01,2.142578766317608352e+00,3.605343733906401504e-01,-8.493677339123646419e-01,-1.062894528822016627e+00,1.347025812507876841e-01,3.943973526455860079e-01,6.055024486436852982e-01,6.143010308913016831e-02,-1.192233032072350929e-01,-3.657462574150420753e-01,4.176742119251326130e-02,-3.005504492434154518e-01,1.784677883882045818e-02,3.263918015745658017e-03,1.046605478417699797e-01,6.591623046771718022e-03,6.809585172132853921e-03,7.425759299996415388e-03,3.615251129649746115e-03,1.875375869393874038e-03,1.097150500410350388e-03,7.227083016304281741e-04,2.177600275054501766e-02,1.780306505252166396e-02,2.756449464266040247e-02
2.626094205919133132e-02,1.621864616266894404e-02,3.267478824262704862e+00,8.212917424084895113e-02,1.529173122888376202e-01,6.134682102449525581e-02,8.875830176125006424e-03,2.999999999999999889e-02,-2.498821325907233515e+01,3.604147826412445355e+00,-1.010260405558207397e+00,-1.695436613164839068e+00,3.007485327368758510e-01,6.530811139433564949e-02,-2.350137214671293995e-01,4.801071013535359033e-01,-3.004577566952909562e-02,3.682900635599359873e-01,-6.752615474128735862e-01,3.446528609213913019e-01,1.306467242371648074e-01,9.869526845123365380e-03,2.924811578288727485e-03,6.582773131892091789e-02,6.373437790165589756e-02,1.127290571558550031e-02,1.002764435365426955e-02,2.013950043580123479e-03,3.016040841932355644e-03,2.324066073402659884e-03,1.955142889309210031e-03,1.536801554690501136e-02,2.303833812439263704e-02,2.197550962506852890e-02
2.000833680700291745e-02,1.885841039332911487e-02,3.232585355314124165e+00,8.920172560630053316e-02,1.726742337564496355e-01,4.293666448739012764e-02,1.944349225188298294e-02,2.666666666666666838e-02,-2.481929895673473752e+01,4.030694948751508022e+00,-4.879834844768292101e-01,-1.104804063348801657e+00,-1.515235664986060715e-01,2.448562969219301166e-01,-1.407935509533455865e-01,3.024083439530480741e-02,-1.215340744581700980e-02,4.905916691524880857e-01,-2.815801912843232668e-01,-2.519699090388775875e-02,-2.984876645836221365e-01,3.794853834145353599e-02,8.046659605901321233e-02,4.137654572189336522e-02,2.460268143636226874e-03,1.963329880876268571e-02,3.189417574882271941e-03,7.051476465757731960e-03,1.540272061496961165e-02,1.909705709576029961e-02,4.983043365479732784e-03,4.068172815754911645e-03,5.789301285642420476e-03,2.216679146029065448e-02
2.042517715714881055e-02,1.202649102158634235e-02,3.136421331961584791e+00,1.209367883899535590e-01,2.119474633448016621e-01,5.407959103861856992e-02,1.610526107308549171e-02,2.750000000000000014e-02,-2.471333580277456221e+01,3.418566639681437369e+00,-7.424154626249898081e-01,-7.565204344578831952e-01,-6.561495512927908134e-03,4.799650859856764984e-01,2.767422424350982069e-02,3.563291039147776229e-01,2.697949597402391486e-01,1.891402829153720766e-01,-2.621082475988693039e-01,-2.490124413871839526e-01,-7.765365647522864956e-02,2.052253555256587994e-02,3.261706626074884277e-03,4.861159054204210184e-02,4.022650382280399534e-02,4.521267938450414421e-03,6.129483510287947988e-03,7.648117808476075433e-03,6.075999051203072494e-03,5.839948803978913146e-03,6.095036435223008531e-03,1.202760932599689601e-02,7.741864166770666411e-02,2.243639642274019089e-02
3.042934556065026927e-02,3.703312598876211045e-03,2.984108608784369121e+00,1.126630517523401903e-01,1.955064648478088696e-01,5.603414956709418249e-02,9.470350689713533457e-03,2.500000000000000139e-02,-2.638337558589572396e+01,3.629587586398558940e+00,-1.042529110878279042e+00,-4.897682041263830555e-01,-3.594254441976182934e-02,5.858577785913503533e-01,3.828139894773864571e-02,5.725575407507662584e-01,1.586132480225926344e-01,-4.917723884957742597e-01,-1.342151654405618171e-02,4.200870083246712600e-02,8.606944119510531732e-02,1.077055287312384674e-02,5.172628171910160014e-03,4.512686397751938805e-02,1.429607322515104827e-02,1.273061371937412103e-02,7.137050589795758057e-03,3.198314320483220102e-03,3.210191981673195683e-03,1.353167247772933506e-02,4.028647540958872966e-03,5.586251777858065870e-02,5.068668140997076993e-03,1.647914371767580932e-02
6.127553147144643858e-02,8.321876558613430655e-04,3.061404404162868520e+00,1.334791728021322288e-01,1.921083906140332587e-01,1.614248245288208428e-01,8.354774564400318723e-03,5.166666666666666630e-02,-2.764315208196646978e+01,2.974224302650232854e+00,-1.565092408657436485e+00,4.298325793325603605e-01,-5.346494240896209060e-01,3.991563314245898386e-01,6.848689980365213481e-01,-3.211693691408554208e-01,1.103924086858074499e-01,-2.236116064642102441e-01,1.991616493446842218e-01,-7.951508194189908785e-02,7.909606819363847185e-03,5.231124193277709132e-03,1.771127380014002415e-03,3.614532180253484522e-02,2.174036949509413827e-02,1.180120169969759054e-02,5.805476528858355932e-03,1.164496917836643254e-02,7.091148057226941311e-03,6.861731952487092057e-03,9.497938840312702274e-03,1.209985673947523016e-02,2.098910555176448575e-02,9.131956976777792431e-03
5.627344726969570748e-02,1.862726859055793176e-04,3.013923511074600103e+00,1.519343653299202179e-01,2.153423356249593301e-01,2.182590848625651225e-01,4.772244657933829085e-03,5.249999999999999806e-02,-2.979527419715270753e+01,3.146432333428839545e+00,-1.242956535596320133e+00,5.966481415955784406e-01,-3.249486299053064298e-01,3.084904286164739662e-01,6.245710233890803265e-01,-4.052076259653044632e-01,1.664591460072908646e-01,-1.099437128501297850e-01,-2.104575418628007177e-01,-7.514317805380395232e-02,-1.482288960487712082e-01,1.254297073864606323e-02,1.652348903079487591e-03,1.081568301995718406e-01,1.679544513109412426e-02,1.430986918610488781e-02,1.154071537868169364e-02,1.396649937585048296e-02,2.053263066840390477e-03,6.743561929376984572e-03,5.675554512677705166e-03,3.896924103496825220e-02,3.819152615199002555e-03,2.834012555685128804e-02
6.252605252188411789e-02,2.609389384955454249e-05,3.042788910044624373e+00,1.748149360168572419e-01,2.342067768845573772e-01,2.768939303419862830e-01,2.715417076888870188e-03,7.000000000000000666e-02,-3.208372052951934705e+01,2.216486483791269890e+00,-6.044731494705398722e-01,1.189150245761887437e+00,-2.900098912372147675e-01,5.609995343171536586e-01,1.521551982809868087e-01,-4.095861926852791268e-01,2.619359301454328159e-01,-2.218329226299160239e-01,-2.958862979867230569e-01,5.029181308622100721e-02,2.119151491198046355e-01,1.203442590898854206e-02,1.079701859110539187e-03,7.715551666315799417e-02,1.710568770916137682e-02,1.045677244455100845e-02,8.179022028747328504e-03,1.433657712814885403e-02,2.641358440314201667e-03,5.829623005940114643e-03,7.220620552333853644e-03,4.511173638868932328e-02,5.995542235180185628e-03,2.113775133339491907e-02
9.003751563151313198e-02,2.083199351318093583e-06,3.142202005934400688e+00,2.827593495742100616e-01,2.916895136844711023e-01,7.388489965045773600e-01,1.990842096517426909e-03,8.250000000000000389e-02,-3.573457726097831966e+01,1.518821858455900564e+00,1.050196083596613011e-01,1.088456758511599176e+00,1.626761300495285500e-01,1.864732961016674628e-01,-4.148455176073320011e-02,8.498018377291447628e-03,6.460481752821174428e-01,-2.064108691161731512e-01,-1.691623887673008308e-01,-2.067614178861829910e-01,1.144801279054031146e-01,8.336929122196941669e-03,1.521331436766599349e-03,9.151793762787679976e-02,1.691701886593958287e-02,5.875250751404472761e-03,9.968197401638587227e-04,1.401560565622437561e-02,1.225456200677737433e-03,3.526680447322937291e-03,8.377537136002364757e-03,9.000504999398284411e-02,5.077723761987514885e-03,3.172277387802727860e-02
1.392246769487286429e-01,5.889418272012198648e-07,3.043003698724278561e+00,3.601586797020798758e-01,3.016750967142274864e-01,1.501088709040070635e+00,1.657863608499922196e-03,4.591666666666666674e-01,-3.759667190769068412e+01,1.778436185511936607e+00,6.812706055513449988e-01,6.243375979471813553e-01,3.238933552584419284e-01,4.654693709055244266e-01,8.577344268527622995e-02,6.711499772224095717e-02,1.102954474531919575e-02,-3.064454126440137038e-01,-2.581380720471768697e-01,1.555418624650997395e-01,1.410569842739681223e-01,4.938375480383326924e-03,9.678288989347518358e-04,5.911083479190448048e-02,9.202790085447012935e-03,5.214556857378779831e-02,5.297124039111087909e-03,2.784153317191128199e-02,2.841965933052197253e-03,1.277765065074178835e-03,1.325408811406700652e-02,2.820150058365735943e-02,8.198374366689251038e-04,1.952558251601996600e-02
1.283868278449353806e-01,5.481854764247061722e-07,2.952302766489038000e+00,3.717340823947238304e-01,3.012740627646292579e-01,1.465633750142152358e+00,1.388823958729654660e-03,4.600000000000000200e-01,-3.823212253221862511e+01,1.637605967600791246e+00,5.875129637609114441e-01,5.168918417256398445e-01,9.400625886469635151e-02,2.442104491504277497e-01,2.860706876494067963e-01,2.086046279898502442e-01,1.791990819268389767e-01,1.463009281122954475e-01,7.702187569569886316e-02,-1.195089329592022992e-02,-7.119092572633818616e-02,2.472658720778443415e-03,7.355366149325174088e-04,4.793283640593454936e-02,2.226081646543721752e-03,8.658855878700605357e-03,1.906935680674266527e-03,2.615403887731990173e-02,6.491048168275728768e-04,1.948585828674305248e-03,1.039611929790275856e-02,1.359078861638707281e-01,2.833935270313862539e-03,3.740534247365908532e-02
1.142142559399749874e-01,2.145295480738593183e-07,3.102878316513959067e+00,3.886943767788327286e-01,2.973317776027550319e-01,2.255407617193434078e+00,1.135991277141564946e-03,6.016666666666666829e-01,-3.869666635413345546e+01,1.341812850933299384e+00,9.624210989250234216e-02,1.016064363700890094e-01,1.871030904178442311e-01,3.370162142173024900e-01,1.926959366307973709e-01,1.008082287942992650e-01,2.469672795300327864e-02,-8.981853975801146195e-02,-7.643683817380723944e-02,1.906851280425316819e-01,8.746327458537683786e-02,8.161297775162333276e-03,1.439587566392435975e-03,3.119602876647830508e-02,4.147137289683754807e-03,2.374681293704595381e-03,1.326784852996598478e-02,2.043468852729266039e-02,1.629769038519235207e-03,2.188887699551571656e-03,2.427911481779962063e-02,3.515670601387792943e-02,1.979596046884497286e-03,1.194642558977792451e-02
1.346394330971238118e-01,1.794487848048699417e-07,3.170253134685897756e+00,3.987046906533169843e-01,2.994679541419209556e-01,2.443299939374928620e+00,5.988536295073006643e-04,6.266666666666667052e-01,-3.905659688534640139e+01,1.047888337167545147e+00,2.685161117716322599e-01,-1.553105580515827533e-01,3.444408016690684304e-01,5.363328549192762917e-01,2.984707132211846803e-01,1.437482966284829855e-01,-2.377505998410803581e-02,-1.406248265441737977e-01,-1.442279982387041594e-03,2.679866283005788996e-01,7.691962719122764913e-02,4.654918028658544364e-03,1.740379153573056413e-03,4.843384441697928117e-02,3.791221765322936102e-03,7.325017565043668612e-03,3.331680366569774593e-03,1.984294879313470983e-02,2.635975675922965205e-03,3.154761778696308239e-03,6.467495296110905081e-03,4.158013218649293796e-02,2.964745559005116469e-03,1.545253437306277032e-02
1.321383909962484393e-01,4.479247140786820590e-07,3.110394601937465975e+00,3.554872771043436908e-01,3.037019239825619055e-01,1.568969800483370536e+00,7.553443006606650086e-04,4.666666666666666741e-01,-3.766919870606876231e+01,1.450917806768827534e+00,-1.459061395873543186e-02,1.540475286780504660e-01,4.830520237619888579e-01,5.572291655232198826e-01,1.273043227428732049e-01,2.699121477015890141e-02,-1.797173612397950093e-01,-1.013547926190593584e-01,3.195945048745477690e-01,4.620710613490867091e-01,2.048439742876173031e-01,4.762269313597458295e-03,1.239337495853905105e-03,9.864746677975164135e-02,1.543356262660658049e-03,9.182592783417025534e-03,5.088716217272856029e-03,2.190920806210311031e-02,4.704694892596259642e-03,5.458430904755640425e-03,3.476707593700899962e-03,4.514696236467837659e-02,2.571232812488943430e-03,2.738333530168473098e-02
9.420591913297207687e-02,2.066901370957115472e-07,3.031951055876204393e+00,3.658830508696918615e-01,2.970779834748388804e-01,2.128521341957142710e+00,1.172921741958530802e-03,5.466666666666666341e-01,-3.831655692703964888e+01,1.187111975694957522e+00,-1.467547572257511257e-01,-1.513528536607192387e-01,1.645229225587954980e-01,4.905991575538698468e-01,3.330060023200377417e-01,8.548324725624045772e-02,-1.887994026505012690e-01,-1.216200923469084871e-01,-1.392835966515262036e-01,3.168410857101455202e-01,3.544246410982871409e-01,3.545506127630111692e-03,4.216087419881561250e-03,2.494650439413534718e-02,4.964123382914509969e-03,1.723630683151351414e-02,1.505601837164377739e-02,4.060015674387410650e-02,2.965818761430254625e-03,3.022032085455504235e-03,4.985971977065381359e-03,7.881516980062487632e-03,1.066485337123898071e-03,1.131596647622693658e-02
1.133805752396832012e-01,6.287213934976925303e-07,3.136081035126741856e+00,3.079420334273085813e-01,2.858487259167936667e-01,1.615032999381807777e+00,9.189849371012316507e-04,3.508333333333333304e-01,-3.655047374073212296e+01,8.471736859075978954e-01,-2.630217289370798683e-01,-4.573706916991694682e-02,1.801070452717169756e-01,5.642086315796264184e-01,1.751713887599574970e-01,1.255482595242206900e-01,1.756274818641326979e-02,4.388299832766822534e-02,1.463319440032565533e-01,3.504132971373029592e-01,1.809977382290038905e-01,7.118174280595617603e-03,6.236229550581662978e-03,3.994442671295708042e-02,5.545987883956503967e-03,9.828274675653819042e-03,1.733666029728243331e-03,1.310279525470002017e-02,3.638989519153310211e-03,7.476238866810287244e-03,3.222890835541588998e-03,2.834805432760680380e-02,2.140817067152001561e-03,1.118911039251193999e-02
1.162984576907044598e-01,5.955786043952453280e-07,3.217214086969037545e+00,3.030836212340743407e-01,2.844258787255469767e-01,1.697868903356640091e+00,7.646789825214657431e-04,3.624999999999999889e-01,-3.638689770857445183e+01,9.267627415297334803e-01,-2.922352288032028511e-01,-1.185033823459595154e-01,2.236442203763565340e-01,4.669831704414950102e-01,1.489591308230071298e-01,2.278426623235864368e-01,-7.323422166396384436e-02,-2.151191483880691147e-01,-1.314440781444335682e-01,2.034836356268983903e-01,-4.065758533149990673e-04,9.530386027314773773e-03,8.512282962526051405e-03,2.623274327703868647e-02,8.084057050586838933e-03,1.236489162896152808e-02,4.232592310706381061e-03,1.504053440973185905e-02,4.727152032944639294e-03,4.348064643855709642e-03,3.022411360934660219e-03,6.782875367648464465e-03,2.649322261007860686e-03,6.385079156194135852e-03
8.962067528136723193e-02,3.612253676626290454e-07,2.956389725553868253e+00,3.341752943305706935e-01,2.968702586158584733e-01,1.839226409080428226e+00,7.529190637082015889e-04,4.675000000000000266e-01,-3.732138672841248450e+01,9.463348590784871339e-01,-2.826685102704924457e-01,-2.814772003868089567e-01,6.276728688317319282e-02,5.571946870543531549e-01,1.753604124695758437e-01,-5.506848328625366801e-02,-6.687468479194329241e-02,-6.614386886488489437e-02,-1.320731442613575501e-01,2.629783572328645014e-01,3.029017896904259155e-01,4.041625836183193946e-03,6.170837618690882577e-03,2.096497155077749544e-02,8.773717886514471528e-03,7.421562722457691365e-03,2.079139221034351573e-02,1.571307060463523683e-02,3.625257930287872129e-03,7.618225175756595212e-03,6.699488243229233600e-03,1.401221075128854070e-02,7.803876811506417141e-03,5.807059227629073409e-03
1.421425593997499015e-01,6.745434836202623607e-07,3.163024773332492323e+00,3.085668285645579156e-01,2.933535571976264023e-01,1.317458643114723049e+00,1.105136801939161613e-03,2.866666666666666807e-01,-3.660662726220132157e+01,1.196813884115995874e+00,-3.334369870867388563e-01,-8.942177545594616472e-02,6.362243318294967531e-02,3.589793768822898135e-01,2.336851074065238731e-01,1.573255176566571989e-01,1.136328496159364800e-02,-1.573322197925133281e-01,7.518709925601839428e-02,3.323558373344339123e-01,3.114240969870900599e-01,1.044371499075876127e-02,6.903221441373360787e-03,1.847932547447673698e-02,5.810345431202062517e-03,1.786588562845325620e-02,1.187281664937483994e-02,3.917999070593047861e-02,1.325437761412290695e-03,2.334331647457318915e-03,2.566280163828506093e-03,2.701555761600692163e-02,4.349670746978570070e-03,1.103327354266018384e-02
1.267194664443518082e-01,4.199637996671192051e-07,3.089707047653815764e+00,3.276242794701262340e-01,2.936759277754033559e-01,1.618896512705648716e+00,9.544332329081785032e-04,4.258333333333333415e-01,-3.721935967842301096e+01,1.213545962818898039e+00,-3.849831311738521333e-01,-7.017882460057651983e-02,1.436677544805838314e-01,4.491584751303243084e-01,3.223658058079536537e-01,3.497844950173099043e-01,2.568354857333263099e-03,-2.558706214704938864e-01,-1.359278328479339437e-01,2.219837879684535831e-02,2.715329362518432155e-01,4.353659362286055497e-03,4.396990132066403746e-03,1.882780735309015283e-02,7.236440062389781075e-03,2.964047194982038710e-02,1.356563873369768386e-02,3.598206862218889662e-02,4.482508724886008489e-03,2.397979592806838943e-03,2.268662348349978920e-03,2.776432544966220967e-02,2.407775015145787855e-03,1.172976880699238590e-02
1.104626927886619425e-01,2.433973455967747069e-07,3.077195381304478339e+00,3.542988472957932511e-01,2.992826048347799195e-01,1.932780923521427274e+00,7.935691819552117936e-04,5.091666666666666563e-01,-3.804824683559173337e+01,1.066827869894538150e+00,-6.688303515436970492e-02,2.589538125967449748e-03,1.887940646101430031e-01,7.838155164486334536e-01,4.507234698209706680e-01,9.416219696727848310e-02,-5.368273124782712430e-02,-6.609284677542104358e-02,1.088792812886272970e-01,2.168617986692184252e-01,1.601324501487177421e-01,3.964175971765127905e-03,9.849833567584526800e-04,1.975952511915827700e-02,6.169083193443393801e-03,2.016236579236351661e-02,6.314992302586986024e-03,1.420718879136757991e-02,6.396276088402241475e-03,3.608834249264042133e-03,6.287106204350035796e-03,3.892438251526026544e-02,2.100925905960393959e-03,1.049699587051785427e-02
8.420175072947061468e-02,2.801744554665259090e-07,3.184135804824247629e+00,3.501573705589296481e-01,3.005223449726189267e-01,1.775414948450261043e+00,8.532447254774911966e-04,4.749999999999999778e-01,-3.796286715662105848e+01,1.192025712427640771e+00,-1.699970247969564280e-02,-2.589771035820474798e-02,-3.401456117153014297e-02,4.285502718411213774e-01,-1.033378789543536527e-02,5.637966606213657556e-02,1.333476956816651293e-01,6.508670886702981606e-02,-1.857366164955453758e-01,2.150525278313442923e-01,4.780667004037115198e-01,8.148441975101622034e-03,3.479351378061838231e-03,2.727826763676150998e-02,4.524384282343436176e-03,1.012702568243661026e-02,1.352824873265172888e-02,4.041866765984079152e-02,9.699098415624310974e-04,7.202532086109644793e-03,1.067052394602093467e-02,3.567999677206894898e-02,3.025599380018185666e-03,1.271810764250917367e-02
1.100458524385160425e-01,2.137059595068227511e-07,3.207405184058632841e+00,3.654690604493741612e-01,2.990099848326482901e-01,2.004818921235941076e+00,1.016538229490430122e-03,5.050000000000000044e-01,-3.836300052451161946e+01,1.308206287470622842e+00,-3.082424432524725200e-01,-2.169355132101399297e-01,2.964297254438154061e-01,5.206990151395787247e-01,1.579611053900198681e-01,1.262744764081614179e-01,-1.107793926913424598e-01,8.885920238357236656e-02,2.825163704375899254e-01,2.109576512224516642e-01,1.416854536470375514e-01,4.295473706745632676e-03,5.469787649086281511e-03,1.205724093656617910e-02,6.422174818072014756e-03,2.006110392821931765e-02,2.600264240534190356e-03,1.166280158368557252e-02,8.484121820992276616e-03,5.877705949558277056e-03,5.893972553702998309e-03,4.347204772365363679e-02,8.844692123282171066e-04,1.104599640244121640e-02
1.809087119633180363e-01,2.468742506834108496e-07,3.136896232546924956e+00,3.720736595668851510e-01,2.992456630008070717e-01,1.872171958018007842e+00,1.160053555249805635e-03,5.074999999999999512e-01,-3.856416491073895259e+01,1.066430361179500963e+00,-5.649280472508685924e-02,1.862204912290884307e-01,7.235517445182032548e-02,2.824623959231252202e-01,-1.441168056848565193e-01,-5.847615546567686007e-02,-8.751614013344806431e-02,-2.876476296745932373e-02,-2.189940861992429461e-02,6.190577336822860460e-03,-3.958658294534676478e-03,3.059453797288983271e-03,1.256811622090596740e-03,1.202563543101756692e-02,4.475909499049877081e-03,3.318365054386222725e-03,2.419075132350953245e-03,7.149640983820607087e-02,5.596840139767407345e-04,5.782690733299613792e-03,2.154530448932334002e-03,4.574733401826363427e-02,2.182761225545254858e-03,2.131417626728337664e-02
5.835764902042517993e-02,3.708046071952895286e-07,2.770299733121613261e+00,3.399127303182779558e-01,3.004587289807982287e-01,1.347129489871437436e+00,7.910691608319830783e-04,3.433333333333333237e-01,-3.830182966462130167e+01,1.357362935490079137e+00,1.620143023021314577e-01,6.284253125499313086e-02,1.674959445023625204e-01,4.391938783158695347e-01,2.588157279196832694e-01,1.833328227723188819e-01,2.101083691087481387e-01,1.188362764520196069e-01,-2.098096087343978219e-02,-1.116387871121494041e-01,-8.579714198398158409e-02,4.042467144571371476e-03,1.528991199737542205e-03,3.052597163744235828e-02,2.393185520455392255e-03,3.668360382816456770e-03,1.774013335451261235e-03,1.014441010315070557e-01,1.118109318404727007e-03,4.349430573846731901e-03,3.932854656730109047e-03,7.307813355987737014e-02,3.455420248859190479e-03,3.187607097155217839e-02
